/_predsToRemove/LESAV/0/ ==> /_predsToRemove/LESAV/0_c00001/
33 : 48 => 36 | [81195, 2878, 2550, 1217, 939, 876, 581, 257, 240, 213, 169, 143, 121, 113, 112, 80, 79, 73, 58, 55, 50, 46, 40, 37, 35, 32, 18, 16, 15, 13, 13, 13, 11, 9, 9, 9]
15 : 55 => 37 | [66036, 2298, 1196, 881, 748, 491, 258, 250, 182, 152, 140, 136, 94, 90, 88, 65, 63, 63, 60, 54, 53, 51, 49, 38, 30, 30, 28, 25, 20, 14, 13, 13, 12, 12, 10, 8, 8]
34 : 49 => 33 | [84585, 1580, 749, 619, 597, 480, 451, 404, 344, 292, 208, 203, 176, 165, 141, 117, 74, 52, 41, 39, 36, 31, 27, 24, 23, 20, 15, 15, 15, 12, 11, 9, 9]
12 : 29 => 22 | [74773, 682, 352, 276, 272, 221, 149, 145, 111, 85, 73, 62, 57, 57, 36, 26, 23, 16, 16, 14, 14, 8]
318 : 23 => 17 | [71947, 723, 632, 574, 360, 283, 150, 123, 89, 85, 70, 52, 49, 25, 20, 12, 10]
367 : 26 => 15 | [68541, 1351, 1214, 612, 450, 198, 60, 56, 40, 37, 34, 23, 21, 10, 8]
53 : 24 => 14 | [87547, 2033, 653, 589, 494, 431, 413, 348, 194, 166, 119, 103, 44, 21]
49 : 45 => 29 | [80858, 796, 494, 429, 351, 275, 250, 249, 231, 221, 214, 214, 190, 172, 172, 167, 74, 64, 49, 30, 28, 24, 23, 16, 15, 13, 12, 9, 9]
370 : 21 => 15 | [48544, 15039, 1050, 539, 475, 314, 310, 119, 51, 37, 31, 23, 20, 20, 13]
529 : 35 => 25 | [67138, 1330, 898, 894, 606, 292, 98, 91, 79, 70, 64, 50, 41, 23, 23, 22, 22, 18, 13, 12, 9, 8, 8, 7, 7]
119 : 18 => 13 | [63234, 1238, 1221, 400, 294, 185, 134, 133, 46, 35, 12, 10, 8]
37 : 41 => 23 | [88008, 6637, 2609, 1365, 1314, 561, 481, 293, 287, 279, 157, 101, 86, 67, 65, 33, 28, 28, 24, 20, 14, 9, 9]
224 : 23 => 13 | [97056, 1464, 624, 365, 266, 187, 136, 118, 106, 82, 73, 15, 10]
304 : 19 => 10 | [51042, 1490, 251, 107, 76, 26, 23, 12, 9, 6]
279 : 23 => 14 | [90591, 884, 668, 582, 316, 311, 140, 100, 79, 49, 17, 13, 12, 10]
111 : 22 => 16 | [55930, 2902, 849, 411, 200, 169, 127, 104, 83, 81, 74, 29, 18, 17, 12, 9]
486 : 35 => 16 | [65262, 1472, 935, 702, 702, 323, 129, 94, 69, 66, 59, 25, 21, 14, 11, 8]
275 : 15 => 10 | [75699, 988, 626, 593, 399, 209, 129, 35, 29, 16]
240 : 19 => 12 | [71357, 1477, 1284, 486, 346, 249, 219, 169, 143, 53, 33, 11]
42 : 32 => 27 | [74112, 2329, 848, 571, 537, 520, 378, 374, 348, 336, 291, 237, 223, 194, 156, 135, 102, 92, 87, 82, 73, 35, 15, 11, 11, 9, 9]
586 : 35 => 22 | [78537, 5004, 1406, 908, 445, 440, 285, 257, 238, 152, 53, 48, 45, 27, 26, 22, 18, 15, 14, 9, 9, 8]
90 : 26 => 14 | [79059, 640, 570, 311, 182, 142, 140, 137, 97, 42, 25, 22, 10, 8]
/_predsToRemove/LESAV/0_c00001/ ==> /data/LESAV/targetVessels/1024x1024/all/
colorMode : Grayscale
daMode : ['noDA']
imageToTensor length: 22
('imgName', 'TP', 'FP', 'TN', 'FN', 'DICE')
('111.tif', 55770, 7716, 979845, 5245, 0.8958964185026627)
('119.tif', 58367, 5205, 976421, 8583, 0.8943626361839383)
('12.tif', 68416, 9851, 961257, 9052, 0.8786207339390631)
('15.tif', 62522, 13861, 960956, 11237, 0.8328382464600178)
('224.tif', 89689, 7969, 940105, 10813, 0.9052180056519984)
('240.tif', 66609, 4291, 968458, 9218, 0.9079310556339324)
('275.tif', 70011, 5169, 964684, 8712, 0.9098068263776534)
('279.tif', 83684, 8089, 946715, 10088, 0.9020345468754211)
('304.tif', 45881, 3920, 991614, 7161, 0.8922532403761073)
('318.tif', 65075, 5982, 967390, 10129, 0.8898476012060631)
('33.tif', 82570, 20668, 935593, 9745, 0.8444769448691659)
('34.tif', 74872, 14031, 942981, 16692, 0.8297583491718707)
('367.tif', 64601, 6605, 969316, 8054, 0.8981030300081329)
('37.tif', 92863, 17890, 928211, 9612, 0.8710206914664116)
('370.tif', 55642, 4353, 977638, 10943, 0.8791594248696476)
('42.tif', 72869, 7036, 959425, 9246, 0.8995062337982965)
('486.tif', 60422, 6306, 972378, 9470, 0.8845264236568584)
('49.tif', 77085, 11694, 951233, 8564, 0.883860389387025)
('529.tif', 62100, 8322, 968431, 9723, 0.8731414109459031)
('53.tif', 82792, 11936, 943485, 10363, 0.8813144350473433)
('586.tif', 76961, 9495, 951115, 11005, 0.8824689546043504)
('90.tif', 70134, 12523, 954668, 11251, 0.8550737006376415)
('meanDice', 0.881)
/_predsToRemove/LESAV/1/ ==> /_predsToRemove/LESAV/1_c00001/
33 : 52 => 37 | [75607, 3319, 3043, 2391, 1177, 880, 801, 663, 553, 276, 240, 214, 185, 164, 152, 82, 82, 54, 52, 44, 42, 39, 39, 38, 37, 28, 26, 21, 21, 20, 20, 18, 17, 15, 10, 9, 9]
15 : 51 => 33 | [69299, 1618, 396, 383, 340, 283, 262, 226, 181, 180, 148, 112, 98, 94, 61, 38, 30, 29, 28, 23, 21, 19, 18, 17, 17, 17, 15, 14, 13, 12, 10, 7, 7]
34 : 36 => 28 | [84577, 696, 519, 438, 416, 348, 344, 300, 218, 212, 187, 120, 101, 98, 82, 71, 60, 46, 38, 37, 27, 25, 25, 22, 19, 19, 17, 10]
12 : 41 => 28 | [71391, 1050, 653, 452, 403, 306, 266, 227, 199, 158, 135, 79, 75, 55, 50, 40, 32, 28, 24, 21, 21, 17, 15, 12, 12, 10, 9, 9]
318 : 17 => 15 | [70781, 903, 764, 709, 274, 191, 136, 122, 114, 67, 33, 32, 18, 9, 9]
367 : 12 => 10 | [65786, 1386, 939, 520, 478, 472, 292, 82, 41, 7]
53 : 23 => 14 | [85010, 2021, 452, 439, 439, 372, 211, 195, 128, 99, 82, 54, 47, 25]
49 : 32 => 22 | [77957, 2576, 1076, 520, 451, 363, 323, 314, 243, 240, 229, 227, 209, 203, 154, 119, 47, 29, 24, 15, 9, 9]
370 : 20 => 17 | [46272, 14262, 1621, 989, 498, 380, 301, 277, 196, 178, 129, 55, 26, 15, 14, 7, 7]
529 : 48 => 30 | [60511, 7298, 1656, 1242, 1118, 689, 573, 412, 261, 201, 105, 76, 61, 51, 29, 28, 28, 28, 24, 20, 16, 14, 12, 11, 11, 10, 10, 9, 8, 7]
119 : 17 => 14 | [61325, 1490, 1052, 441, 228, 200, 190, 172, 60, 46, 31, 11, 8, 7]
37 : 31 => 21 | [89977, 2998, 2347, 1257, 646, 486, 362, 341, 333, 275, 268, 121, 79, 48, 44, 34, 26, 26, 17, 12, 10]
224 : 16 => 12 | [94325, 1269, 771, 609, 524, 319, 317, 145, 123, 99, 41, 27]
304 : 12 => 8 | [51352, 1103, 92, 23, 23, 14, 10, 6]
279 : 19 => 16 | [87214, 826, 580, 535, 528, 167, 136, 126, 120, 84, 84, 39, 22, 14, 10, 9]
111 : 10 => 8 | [56813, 2842, 921, 464, 17, 13, 10, 6]
486 : 22 => 19 | [62455, 1391, 1088, 992, 809, 787, 634, 568, 394, 239, 178, 117, 100, 56, 19, 14, 11, 7, 7]
275 : 20 => 12 | [73292, 1007, 701, 650, 494, 312, 291, 259, 177, 95, 85, 12]
240 : 18 => 11 | [70185, 1363, 1202, 418, 216, 174, 152, 117, 111, 27, 18]
42 : 24 => 19 | [72187, 2323, 2227, 626, 479, 465, 288, 284, 207, 206, 192, 153, 118, 117, 57, 26, 19, 16, 8]
586 : 33 => 24 | [73343, 4475, 2368, 1301, 813, 606, 588, 391, 263, 241, 221, 204, 155, 136, 64, 55, 46, 30, 26, 26, 25, 15, 10, 10]
90 : 18 => 10 | [79716, 857, 233, 90, 80, 77, 32, 22, 22, 20]
/_predsToRemove/LESAV/1_c00001/ ==> /data/LESAV/targetVessels/1024x1024/all/
colorMode : Grayscale
daMode : ['noDA']
imageToTensor length: 22
('imgName', 'TP', 'FP', 'TN', 'FN', 'DICE')
('111.tif', 56293, 7193, 980297, 4793, 0.903782551456186)
('119.tif', 58421, 5151, 978164, 6840, 0.9069260205071682)
('12.tif', 68058, 10209, 962618, 7691, 0.8837783087471431)
('15.tif', 62673, 13710, 960850, 11343, 0.8334230945684479)
('224.tif', 89784, 7874, 942133, 8785, 0.9151034261340183)
('240.tif', 66447, 4453, 970140, 7536, 0.9172504710697598)
('275.tif', 69987, 5193, 966008, 7388, 0.9175313821244797)
('279.tif', 83122, 8651, 949431, 7372, 0.912090504589421)
('304.tif', 46240, 3561, 992392, 6383, 0.9029133796766383)
('318.tif', 65573, 5484, 968930, 8589, 0.9030911933011521)
('33.tif', 81410, 21828, 936360, 8978, 0.8408994659808083)
('34.tif', 74301, 14602, 944902, 14771, 0.8349599662873999)
('367.tif', 64520, 6686, 971887, 5483, 0.9138227733359772)
('37.tif', 91909, 18844, 930025, 7798, 0.8734106243466692)
('370.tif', 55977, 4018, 979331, 9250, 0.8940441775406878)
('42.tif', 72317, 7588, 960990, 7681, 0.9045108597086984)
('486.tif', 60548, 6180, 972530, 9318, 0.8865396723135716)
('49.tif', 77075, 11704, 951535, 8262, 0.8853293206827633)
('529.tif', 62752, 7670, 966387, 11767, 0.8658971581540075)
('53.tif', 81284, 13444, 945558, 8290, 0.8820739872600406)
('586.tif', 76749, 9707, 953457, 8663, 0.8931156468918007)
('90.tif', 70631, 12026, 955401, 10518, 0.8623737836220895)
('meanDice', 0.888)
/_predsToRemove/LESAV/2/ ==> /_predsToRemove/LESAV/2_c00001/
33 : 37 => 25 | [85562, 2608, 1211, 965, 567, 298, 292, 219, 183, 165, 124, 102, 96, 74, 73, 66, 61, 52, 43, 25, 23, 22, 18, 16, 9]
15 : 39 => 30 | [65261, 3385, 1806, 1095, 304, 295, 283, 279, 251, 221, 201, 196, 186, 134, 115, 92, 84, 70, 60, 55, 55, 36, 25, 25, 21, 16, 16, 14, 11, 7]
34 : 47 => 28 | [83642, 1730, 739, 501, 473, 463, 334, 323, 286, 168, 166, 147, 143, 74, 66, 46, 40, 37, 36, 33, 33, 32, 29, 24, 23, 18, 14, 11]
12 : 26 => 15 | [72352, 1088, 780, 589, 255, 167, 71, 67, 51, 50, 25, 24, 12, 12, 12]
318 : 14 => 11 | [72009, 671, 632, 551, 295, 269, 208, 87, 42, 20, 15]
367 : 13 => 10 | [67796, 1332, 1138, 546, 539, 147, 74, 67, 65, 8]
53 : 23 => 15 | [89718, 579, 477, 431, 166, 154, 148, 139, 94, 62, 59, 53, 37, 24, 11]
49 : 22 => 18 | [81057, 2544, 505, 390, 374, 300, 219, 156, 125, 84, 83, 78, 74, 38, 37, 31, 17, 16]
370 : 28 => 21 | [46113, 14826, 1176, 1007, 708, 504, 455, 318, 273, 174, 116, 46, 42, 30, 21, 17, 16, 14, 12, 8, 7]
529 : 40 => 29 | [58812, 6238, 1683, 1402, 1390, 1345, 1174, 666, 267, 257, 214, 192, 181, 135, 102, 96, 77, 69, 43, 28, 25, 18, 18, 17, 16, 14, 9, 9, 7]
119 : 18 => 13 | [57125, 2458, 1814, 1634, 1189, 267, 166, 144, 143, 132, 76, 22, 7]
37 : 21 => 13 | [95328, 4725, 391, 347, 319, 215, 164, 74, 44, 37, 28, 22, 16]
224 : 19 => 15 | [91400, 1324, 611, 543, 501, 322, 307, 148, 143, 140, 112, 110, 72, 71, 62]
304 : 13 => 12 | [49773, 1213, 283, 193, 162, 57, 23, 18, 10, 9, 6, 5]
279 : 16 => 12 | [88824, 718, 492, 415, 352, 166, 139, 101, 97, 34, 25, 19]
111 : 12 => 10 | [53215, 3494, 2853, 951, 482, 232, 150, 148, 98, 38]
486 : 20 => 17 | [68020, 807, 804, 794, 243, 174, 146, 77, 48, 46, 43, 16, 15, 12, 10, 10, 9]
275 : 15 => 12 | [75799, 594, 501, 311, 297, 170, 167, 151, 89, 82, 55, 22]
240 : 15 => 13 | [68858, 1289, 1250, 615, 435, 147, 124, 100, 98, 91, 77, 65, 21]
42 : 20 => 14 | [74624, 2377, 1922, 843, 526, 370, 290, 236, 218, 174, 158, 143, 127, 95]
586 : 30 => 22 | [80064, 4880, 951, 426, 354, 336, 308, 264, 241, 193, 117, 102, 89, 65, 64, 38, 34, 32, 12, 12, 9, 9]
90 : 15 => 11 | [78553, 688, 470, 351, 340, 97, 78, 39, 33, 21, 13]
/_predsToRemove/LESAV/2_c00001/ ==> /data/LESAV/targetVessels/1024x1024/all/
colorMode : Grayscale
daMode : ['noDA']
imageToTensor length: 22
('imgName', 'TP', 'FP', 'TN', 'FN', 'DICE')
('111.tif', 55859, 7627, 979288, 5802, 0.8926941916306423)
('119.tif', 57848, 5724, 977675, 7329, 0.8986166882849576)
('12.tif', 68088, 10179, 962842, 7467, 0.8852829894293404)
('15.tif', 63177, 13206, 960771, 11422, 0.8368812176285915)
('224.tif', 87744, 9914, 942796, 8122, 0.9068022570843927)
('240.tif', 65767, 5133, 970273, 7403, 0.9129867425557021)
('275.tif', 70096, 5084, 965254, 8142, 0.9137910805772465)
('279.tif', 83219, 8554, 948640, 8163, 0.9087275804646338)
('304.tif', 45499, 4302, 992522, 6253, 0.8960641241519207)
('318.tif', 65503, 5554, 968223, 9296, 0.8981872531812198)
('33.tif', 83919, 19319, 936383, 8955, 0.8558272823692584)
('34.tif', 74731, 14172, 944773, 14900, 0.8371626692954843)
('367.tif', 64963, 6243, 970621, 6749, 0.9090947256468744)
('37.tif', 93226, 17527, 929339, 8484, 0.8775739775866856)
('370.tif', 55989, 4006, 978687, 9894, 0.8895756208392253)
('42.tif', 73163, 6742, 959731, 8940, 0.9032023109969878)
('486.tif', 60907, 5821, 971481, 10367, 0.8826973522122867)
('49.tif', 76865, 11914, 950534, 9263, 0.8789242283041845)
('529.tif', 62425, 7997, 966075, 12079, 0.8614741316257952)
('53.tif', 82435, 12293, 944131, 9717, 0.8822238869863014)
('586.tif', 77940, 8516, 951460, 10660, 0.8904579106114615)
('90.tif', 70377, 12280, 955613, 10306, 0.8617240112648463)
('meanDice', 0.885)
