/_predsToRemove/LESAV/0/ ==> /_predsToRemove/LESAV/0_c0001/
33 : 48 => 15 | [81195, 2878, 2550, 1217, 939, 876, 581, 257, 240, 213, 169, 143, 121, 113, 112]
15 : 55 => 15 | [66036, 2298, 1196, 881, 748, 491, 258, 250, 182, 152, 140, 136, 94, 90, 88]
34 : 49 => 16 | [84585, 1580, 749, 619, 597, 480, 451, 404, 344, 292, 208, 203, 176, 165, 141, 117]
12 : 29 => 10 | [74773, 682, 352, 276, 272, 221, 149, 145, 111, 85]
318 : 23 => 10 | [71947, 723, 632, 574, 360, 283, 150, 123, 89, 85]
367 : 26 => 6 | [68541, 1351, 1214, 612, 450, 198]
53 : 24 => 12 | [87547, 2033, 653, 589, 494, 431, 413, 348, 194, 166, 119, 103]
49 : 45 => 16 | [80858, 796, 494, 429, 351, 275, 250, 249, 231, 221, 214, 214, 190, 172, 172, 167]
370 : 21 => 9 | [48544, 15039, 1050, 539, 475, 314, 310, 119, 51]
529 : 35 => 10 | [67138, 1330, 898, 894, 606, 292, 98, 91, 79, 70]
119 : 18 => 8 | [63234, 1238, 1221, 400, 294, 185, 134, 133]
37 : 41 => 12 | [88008, 6637, 2609, 1365, 1314, 561, 481, 293, 287, 279, 157, 101]
224 : 23 => 9 | [97056, 1464, 624, 365, 266, 187, 136, 118, 106]
304 : 19 => 5 | [51042, 1490, 251, 107, 76]
279 : 23 => 8 | [90591, 884, 668, 582, 316, 311, 140, 100]
111 : 22 => 11 | [55930, 2902, 849, 411, 200, 169, 127, 104, 83, 81, 74]
486 : 35 => 10 | [65262, 1472, 935, 702, 702, 323, 129, 94, 69, 66]
275 : 15 => 7 | [75699, 988, 626, 593, 399, 209, 129]
240 : 19 => 9 | [71357, 1477, 1284, 486, 346, 249, 219, 169, 143]
42 : 32 => 20 | [74112, 2329, 848, 571, 537, 520, 378, 374, 348, 336, 291, 237, 223, 194, 156, 135, 102, 92, 87, 82]
586 : 35 => 10 | [78537, 5004, 1406, 908, 445, 440, 285, 257, 238, 152]
90 : 26 => 9 | [79059, 640, 570, 311, 182, 142, 140, 137, 97]
/_predsToRemove/LESAV/0_c0001/ ==> /data/LESAV/targetVessels/1024x1024/all/
colorMode : Grayscale
daMode : ['noDA']
imageToTensor length: 22
('imgName', 'TP', 'FP', 'TN', 'FN', 'DICE')
('111.tif', 55706, 7780, 979866, 5224, 0.8954796810699589)
('119.tif', 58301, 5271, 976466, 8538, 0.8941116930320295)
('12.tif', 68351, 9916, 961594, 8715, 0.8800576825272157)
('15.tif', 62186, 14197, 961339, 10854, 0.8323484336414073)
('224.tif', 89545, 8113, 940141, 10777, 0.904586321850692)
('240.tif', 66540, 4360, 968486, 9190, 0.9075905339971356)
('275.tif', 69983, 5197, 964736, 8660, 0.9099159423493236)
('279.tif', 83531, 8242, 946742, 10061, 0.901259676853775)
('304.tif', 45872, 3929, 991681, 7094, 0.8927379411678846)
('318.tif', 64996, 6061, 967549, 9970, 0.890215924888545)
('33.tif', 82187, 21051, 935921, 9417, 0.8436271440449185)
('34.tif', 74643, 14260, 943205, 16468, 0.8293021653871365)
('367.tif', 64439, 6767, 969443, 7927, 0.8976541386899952)
('37.tif', 92748, 18005, 928479, 9344, 0.871507434987902)
('370.tif', 55642, 4353, 977782, 10799, 0.8801607137207758)
('42.tif', 72819, 7086, 959538, 9133, 0.8997942628369486)
('486.tif', 60377, 6351, 972471, 9377, 0.8847613604724432)
('49.tif', 76905, 11874, 951419, 8378, 0.8836506532155209)
('529.tif', 62093, 8329, 968751, 9403, 0.8750546089995631)
('53.tif', 82792, 11936, 943550, 10298, 0.8816194400962634)
('586.tif', 76926, 9530, 951374, 10746, 0.883556923642378)
('90.tif', 70055, 12602, 954696, 11223, 0.8546680086619697)
('meanDice', 0.882)
/_predsToRemove/LESAV/1/ ==> /_predsToRemove/LESAV/1_c0001/
33 : 52 => 17 | [75607, 3319, 3043, 2391, 1177, 880, 801, 663, 553, 276, 240, 214, 185, 164, 152, 82, 82]
15 : 51 => 14 | [69299, 1618, 396, 383, 340, 283, 262, 226, 181, 180, 148, 112, 98, 94]
34 : 36 => 14 | [84577, 696, 519, 438, 416, 348, 344, 300, 218, 212, 187, 120, 101, 98]
12 : 41 => 13 | [71391, 1050, 653, 452, 403, 306, 266, 227, 199, 158, 135, 79, 75]
318 : 17 => 9 | [70781, 903, 764, 709, 274, 191, 136, 122, 114]
367 : 12 => 8 | [65786, 1386, 939, 520, 478, 472, 292, 82]
53 : 23 => 10 | [85010, 2021, 452, 439, 439, 372, 211, 195, 128, 99]
49 : 32 => 16 | [77957, 2576, 1076, 520, 451, 363, 323, 314, 243, 240, 229, 227, 209, 203, 154, 119]
370 : 20 => 12 | [46272, 14262, 1621, 989, 498, 380, 301, 277, 196, 178, 129, 55]
529 : 48 => 13 | [60511, 7298, 1656, 1242, 1118, 689, 573, 412, 261, 201, 105, 76, 61]
119 : 17 => 8 | [61325, 1490, 1052, 441, 228, 200, 190, 172]
37 : 31 => 12 | [89977, 2998, 2347, 1257, 646, 486, 362, 341, 333, 275, 268, 121]
224 : 16 => 10 | [94325, 1269, 771, 609, 524, 319, 317, 145, 123, 99]
304 : 12 => 3 | [51352, 1103, 92]
279 : 19 => 9 | [87214, 826, 580, 535, 528, 167, 136, 126, 120]
111 : 10 => 4 | [56813, 2842, 921, 464]
486 : 22 => 13 | [62455, 1391, 1088, 992, 809, 787, 634, 568, 394, 239, 178, 117, 100]
275 : 20 => 11 | [73292, 1007, 701, 650, 494, 312, 291, 259, 177, 95, 85]
240 : 18 => 9 | [70185, 1363, 1202, 418, 216, 174, 152, 117, 111]
42 : 24 => 14 | [72187, 2323, 2227, 626, 479, 465, 288, 284, 207, 206, 192, 153, 118, 117]
586 : 33 => 14 | [73343, 4475, 2368, 1301, 813, 606, 588, 391, 263, 241, 221, 204, 155, 136]
90 : 18 => 5 | [79716, 857, 233, 90, 80]
/_predsToRemove/LESAV/1_c0001/ ==> /data/LESAV/targetVessels/1024x1024/all/
colorMode : Grayscale
daMode : ['noDA']
imageToTensor length: 22
('imgName', 'TP', 'FP', 'TN', 'FN', 'DICE')
('111.tif', 56287, 7199, 980337, 4753, 0.9040200440068741)
('119.tif', 58373, 5199, 978279, 6725, 0.9073288256780913)
('12.tif', 67890, 10377, 962805, 7504, 0.8836334528605176)
('15.tif', 62597, 13786, 961170, 11023, 0.8346099744671773)
('224.tif', 89756, 7902, 942173, 8745, 0.9151351709582533)
('240.tif', 66433, 4467, 970171, 7505, 0.9173421339703669)
('275.tif', 69984, 5196, 966017, 7379, 0.9175642277915079)
('279.tif', 82918, 8855, 949489, 7314, 0.9111617812697453)
('304.tif', 46220, 3581, 992448, 6327, 0.9031930277093837)
('318.tif', 65511, 5546, 969036, 8483, 0.9032822938138999)
('33.tif', 81116, 22122, 936625, 8713, 0.8402886044740945)
('34.tif', 74006, 14897, 945105, 14568, 0.8339784873532908)
('367.tif', 64484, 6722, 971899, 5471, 0.9136234512365313)
('37.tif', 91813, 18940, 930225, 7598, 0.8737271844844978)
('370.tif', 55971, 4024, 979394, 9187, 0.8944412039663452)
('42.tif', 72283, 7622, 961082, 7589, 0.9047985629971773)
('486.tif', 60517, 6211, 972613, 9235, 0.8868259085580305)
('49.tif', 77015, 11764, 951608, 8189, 0.8853163814855475)
('529.tif', 62733, 7689, 966684, 11470, 0.8675263612791703)
('53.tif', 81132, 13596, 945614, 8234, 0.8814192749356307)
('586.tif', 76666, 9790, 953681, 8439, 0.8937462476903258)
('90.tif', 70523, 12134, 955466, 10453, 0.8619654959574169)
('meanDice', 0.888)
/_predsToRemove/LESAV/2/ ==> /_predsToRemove/LESAV/2_c0001/
33 : 37 => 13 | [85562, 2608, 1211, 965, 567, 298, 292, 219, 183, 165, 124, 102, 96]
15 : 39 => 18 | [65261, 3385, 1806, 1095, 304, 295, 283, 279, 251, 221, 201, 196, 186, 134, 115, 92, 84, 70]
34 : 47 => 13 | [83642, 1730, 739, 501, 473, 463, 334, 323, 286, 168, 166, 147, 143]
12 : 26 => 6 | [72352, 1088, 780, 589, 255, 167]
318 : 14 => 8 | [72009, 671, 632, 551, 295, 269, 208, 87]
367 : 13 => 7 | [67796, 1332, 1138, 546, 539, 147, 74]
53 : 23 => 9 | [89718, 579, 477, 431, 166, 154, 148, 139, 94]
49 : 22 => 11 | [81057, 2544, 505, 390, 374, 300, 219, 156, 125, 84, 83]
370 : 28 => 11 | [46113, 14826, 1176, 1007, 708, 504, 455, 318, 273, 174, 116]
529 : 40 => 18 | [58812, 6238, 1683, 1402, 1390, 1345, 1174, 666, 267, 257, 214, 192, 181, 135, 102, 96, 77, 69]
119 : 18 => 11 | [57125, 2458, 1814, 1634, 1189, 267, 166, 144, 143, 132, 76]
37 : 21 => 7 | [95328, 4725, 391, 347, 319, 215, 164]
224 : 19 => 12 | [91400, 1324, 611, 543, 501, 322, 307, 148, 143, 140, 112, 110]
304 : 13 => 6 | [49773, 1213, 283, 193, 162, 57]
279 : 16 => 9 | [88824, 718, 492, 415, 352, 166, 139, 101, 97]
111 : 12 => 9 | [53215, 3494, 2853, 951, 482, 232, 150, 148, 98]
486 : 20 => 8 | [68020, 807, 804, 794, 243, 174, 146, 77]
275 : 15 => 10 | [75799, 594, 501, 311, 297, 170, 167, 151, 89, 82]
240 : 15 => 11 | [68858, 1289, 1250, 615, 435, 147, 124, 100, 98, 91, 77]
42 : 20 => 14 | [74624, 2377, 1922, 843, 526, 370, 290, 236, 218, 174, 158, 143, 127, 95]
586 : 30 => 13 | [80064, 4880, 951, 426, 354, 336, 308, 264, 241, 193, 117, 102, 89]
90 : 15 => 6 | [78553, 688, 470, 351, 340, 97]
/_predsToRemove/LESAV/2_c0001/ ==> /data/LESAV/targetVessels/1024x1024/all/
colorMode : Grayscale
daMode : ['noDA']
imageToTensor length: 22
('imgName', 'TP', 'FP', 'TN', 'FN', 'DICE')
('111.tif', 55833, 7653, 979300, 5790, 0.8925496966645086)
('119.tif', 57822, 5750, 977678, 7326, 0.8984151646985705)
('12.tif', 67943, 10324, 963021, 7288, 0.885262348695097)
('15.tif', 63079, 13304, 961014, 11179, 0.8374745255275788)
('224.tif', 87558, 10100, 942815, 8103, 0.9058395708647365)
('240.tif', 65705, 5195, 970297, 7379, 0.9126708523169241)
('275.tif', 70046, 5134, 965281, 8115, 0.913597798370951)
('279.tif', 83159, 8614, 948658, 8145, 0.9084592821599655)
('304.tif', 45457, 4344, 992551, 6224, 0.8958633058079265)
('318.tif', 65462, 5595, 968259, 9260, 0.8980991775221396)
('33.tif', 83703, 19535, 936649, 8689, 0.8557276491335685)
('34.tif', 74389, 14514, 944947, 14726, 0.83574694693795)
('367.tif', 64844, 6362, 970642, 6728, 0.9083192088416983)
('37.tif', 93165, 17588, 929499, 8324, 0.8779129484267958)
('370.tif', 55915, 4080, 978826, 9755, 0.8899057016671309)
('42.tif', 73163, 6742, 959731, 8940, 0.9032023109969878)
('486.tif', 60824, 5904, 971607, 10241, 0.8828314936172375)
('49.tif', 76645, 12134, 950605, 9192, 0.8778691528840427)
('529.tif', 62362, 8060, 966216, 11938, 0.8618178300465721)
('53.tif', 82346, 12382, 944288, 9560, 0.882432997203082)
('586.tif', 77815, 8641, 951610, 10510, 0.8904285934970049)
('90.tif', 70336, 12321, 955756, 10163, 0.8621932383730908)
('meanDice', 0.885)
