/_predsToRemove/LESAV/0/ ==> /_predsToRemove/LESAV/0_c0005/
33 : 48 => 7 | [81195, 2878, 2550, 1217, 939, 876, 581]
15 : 55 => 6 | [66036, 2298, 1196, 881, 748, 491]
34 : 49 => 7 | [84585, 1580, 749, 619, 597, 480, 451]
12 : 29 => 2 | [74773, 682]
318 : 23 => 5 | [71947, 723, 632, 574, 360]
367 : 26 => 5 | [68541, 1351, 1214, 612, 450]
53 : 24 => 5 | [87547, 2033, 653, 589, 494]
49 : 45 => 4 | [80858, 796, 494, 429]
370 : 21 => 7 | [48544, 15039, 1050, 539, 475, 314, 310]
529 : 35 => 5 | [67138, 1330, 898, 894, 606]
119 : 18 => 4 | [63234, 1238, 1221, 400]
37 : 41 => 7 | [88008, 6637, 2609, 1365, 1314, 561, 481]
224 : 23 => 3 | [97056, 1464, 624]
304 : 19 => 2 | [51042, 1490]
279 : 23 => 4 | [90591, 884, 668, 582]
111 : 22 => 4 | [55930, 2902, 849, 411]
486 : 35 => 5 | [65262, 1472, 935, 702, 702]
275 : 15 => 5 | [75699, 988, 626, 593, 399]
240 : 19 => 4 | [71357, 1477, 1284, 486]
42 : 32 => 8 | [74112, 2329, 848, 571, 537, 520, 378, 374]
586 : 35 => 6 | [78537, 5004, 1406, 908, 445, 440]
90 : 26 => 3 | [79059, 640, 570]
/_predsToRemove/LESAV/0_c0005/ ==> /data/LESAV/targetVessels/1024x1024/all/
colorMode : Grayscale
daMode : ['noDA']
imageToTensor length: 22
('imgName', 'TP', 'FP', 'TN', 'FN', 'DICE')
('111.tif', 55011, 8475, 980009, 5081, 0.8903040994351745)
('119.tif', 57726, 5846, 976637, 8367, 0.8903867658967339)
('12.tif', 67854, 10413, 962708, 7601, 0.8828144312460156)
('15.tif', 61587, 14796, 962130, 10063, 0.8320712273614667)
('224.tif', 88547, 9111, 940321, 10597, 0.8998587412729545)
('240.tif', 65785, 5115, 968857, 8819, 0.9042363096547174)
('275.tif', 69715, 5465, 964806, 8590, 0.9084275336352087)
('279.tif', 82880, 8893, 946958, 9845, 0.8984379234463247)
('304.tif', 45535, 4266, 991778, 6997, 0.8899377522402353)
('318.tif', 64397, 6660, 967680, 9839, 0.8864432560412409)
('33.tif', 81382, 21856, 936484, 8854, 0.8412706616909765)
('34.tif', 73428, 15475, 944040, 15633, 0.8252006023690185)
('367.tif', 64277, 6929, 969479, 7891, 0.8966339782666314)
('37.tif', 91760, 18993, 928608, 9215, 0.8667724627824378)
('370.tif', 55567, 4428, 977877, 10704, 0.8801577621845944)
('42.tif', 71223, 8682, 960225, 8446, 0.8926642184817075)
('486.tif', 59991, 6737, 972766, 9082, 0.8835133761901606)
('49.tif', 74825, 13954, 952045, 7752, 0.8733280422045333)
('529.tif', 61694, 8728, 968982, 9172, 0.8733084196817847)
('53.tif', 81605, 13123, 944137, 9711, 0.8772655930855067)
('586.tif', 76317, 10139, 951697, 10423, 0.8812790133721333)
('90.tif', 69326, 13331, 954976, 10943, 0.8510121159299314)
('meanDice', 0.878)
/_predsToRemove/LESAV/1/ ==> /_predsToRemove/LESAV/1_c0005/
33 : 52 => 9 | [75607, 3319, 3043, 2391, 1177, 880, 801, 663, 553]
15 : 51 => 4 | [69299, 1618, 396, 383]
34 : 36 => 4 | [84577, 696, 519, 438]
12 : 41 => 5 | [71391, 1050, 653, 452, 403]
318 : 17 => 4 | [70781, 903, 764, 709]
367 : 12 => 6 | [65786, 1386, 939, 520, 478, 472]
53 : 23 => 5 | [85010, 2021, 452, 439, 439]
49 : 32 => 5 | [77957, 2576, 1076, 520, 451]
370 : 20 => 8 | [46272, 14262, 1621, 989, 498, 380, 301, 277]
529 : 48 => 8 | [60511, 7298, 1656, 1242, 1118, 689, 573, 412]
119 : 17 => 4 | [61325, 1490, 1052, 441]
37 : 31 => 6 | [89977, 2998, 2347, 1257, 646, 486]
224 : 16 => 5 | [94325, 1269, 771, 609, 524]
304 : 12 => 2 | [51352, 1103]
279 : 19 => 5 | [87214, 826, 580, 535, 528]
111 : 10 => 4 | [56813, 2842, 921, 464]
486 : 22 => 9 | [62455, 1391, 1088, 992, 809, 787, 634, 568, 394]
275 : 20 => 5 | [73292, 1007, 701, 650, 494]
240 : 18 => 4 | [70185, 1363, 1202, 418]
42 : 24 => 6 | [72187, 2323, 2227, 626, 479, 465]
586 : 33 => 8 | [73343, 4475, 2368, 1301, 813, 606, 588, 391]
90 : 18 => 2 | [79716, 857]
/_predsToRemove/LESAV/1_c0005/ ==> /data/LESAV/targetVessels/1024x1024/all/
colorMode : Grayscale
daMode : ['noDA']
imageToTensor length: 22
('imgName', 'TP', 'FP', 'TN', 'FN', 'DICE')
('111.tif', 56287, 7199, 980337, 4753, 0.9040200440068741)
('119.tif', 57762, 5810, 978458, 6546, 0.9033781670315921)
('12.tif', 67342, 10925, 963702, 6607, 0.8848215693488201)
('15.tif', 61711, 14672, 962208, 9985, 0.8334875303047697)
('224.tif', 88923, 8735, 942343, 8575, 0.9113017278484904)
('240.tif', 65868, 5032, 970376, 7300, 0.914401532609601)
('275.tif', 69088, 6092, 966340, 7056, 0.9131135840976976)
('279.tif', 82467, 9306, 949587, 7216, 0.9089476236663434)
('304.tif', 46143, 3658, 992463, 6312, 0.90249960882491)
('318.tif', 64946, 6111, 969308, 8211, 0.9006892534705369)
('33.tif', 80220, 23018, 937124, 8214, 0.837054968905213)
('34.tif', 72527, 16376, 945970, 13703, 0.8282505295975059)
('367.tif', 64147, 7059, 971936, 5434, 0.9112631137818122)
('37.tif', 90297, 20456, 930409, 7414, 0.8663078517154041)
('370.tif', 55631, 4364, 979612, 8969, 0.8929892852843212)
('42.tif', 71092, 8813, 961456, 7215, 0.8986928930801709)
('486.tif', 60151, 6577, 972881, 8967, 0.8855763143559618)
('49.tif', 75049, 13730, 952266, 7531, 0.8759271471005317)
('529.tif', 62440, 7982, 967095, 11059, 0.8676982511238804)
('53.tif', 80381, 14347, 945868, 7980, 0.8780538426666812)
('586.tif', 75747, 10709, 953982, 8138, 0.8893572304964747)
('90.tif', 70273, 12384, 955619, 10300, 0.8610304478343441)
('meanDice', 0.885)
/_predsToRemove/LESAV/2/ ==> /_predsToRemove/LESAV/2_c0005/
33 : 37 => 5 | [85562, 2608, 1211, 965, 567]
15 : 39 => 4 | [65261, 3385, 1806, 1095]
34 : 47 => 6 | [83642, 1730, 739, 501, 473, 463]
12 : 26 => 4 | [72352, 1088, 780, 589]
318 : 14 => 4 | [72009, 671, 632, 551]
367 : 13 => 5 | [67796, 1332, 1138, 546, 539]
53 : 23 => 3 | [89718, 579, 477]
49 : 22 => 3 | [81057, 2544, 505]
370 : 28 => 9 | [46113, 14826, 1176, 1007, 708, 504, 455, 318, 273]
529 : 40 => 8 | [58812, 6238, 1683, 1402, 1390, 1345, 1174, 666]
119 : 18 => 5 | [57125, 2458, 1814, 1634, 1189]
37 : 21 => 2 | [95328, 4725]
224 : 19 => 5 | [91400, 1324, 611, 543, 501]
304 : 13 => 3 | [49773, 1213, 283]
279 : 16 => 3 | [88824, 718, 492]
111 : 12 => 5 | [53215, 3494, 2853, 951, 482]
486 : 20 => 4 | [68020, 807, 804, 794]
275 : 15 => 3 | [75799, 594, 501]
240 : 15 => 5 | [68858, 1289, 1250, 615, 435]
42 : 20 => 5 | [74624, 2377, 1922, 843, 526]
586 : 30 => 4 | [80064, 4880, 951, 426]
90 : 15 => 3 | [78553, 688, 470]
/_predsToRemove/LESAV/2_c0005/ ==> /data/LESAV/targetVessels/1024x1024/all/
colorMode : Grayscale
daMode : ['noDA']
imageToTensor length: 22
('imgName', 'TP', 'FP', 'TN', 'FN', 'DICE')
('111.tif', 55344, 8142, 979439, 5651, 0.8891959415493127)
('119.tif', 57112, 6460, 977896, 7108, 0.8938274696381621)
('12.tif', 67943, 10324, 963443, 6866, 0.8877028404191382)
('15.tif', 61731, 14652, 962377, 9816, 0.8345974447373757)
('224.tif', 86516, 11142, 943055, 7863, 0.9010346964387072)
('240.tif', 65192, 5708, 970421, 7255, 0.9095690875986243)
('275.tif', 69028, 6152, 965530, 7866, 0.907821192314268)
('279.tif', 82126, 9647, 948895, 7908, 0.9034415616560418)
('304.tif', 45138, 4663, 992644, 6131, 0.893202730780647)
('318.tif', 64837, 6220, 968493, 9026, 0.8947971294507314)
('33.tif', 82849, 20389, 937274, 8064, 0.8534491194997708)
('34.tif', 73320, 15583, 945445, 14228, 0.8310522467993947)
('367.tif', 64648, 6558, 970667, 6703, 0.9069775598532517)
('37.tif', 91951, 18802, 929721, 8102, 0.8723755490830432)
('370.tif', 55737, 4258, 978938, 9643, 0.8891246261216351)
('42.tif', 71874, 8031, 960253, 8418, 0.8973201745351036)
('486.tif', 60619, 6109, 972042, 9806, 0.8839617069987532)
('49.tif', 75529, 13250, 951220, 8577, 0.8737484454984528)
('529.tif', 61855, 8567, 967299, 10855, 0.8643070731911802)
('53.tif', 81459, 13269, 944533, 9315, 0.8782546818902222)
('586.tif', 76607, 9849, 952406, 9714, 0.8867731237375345)
('90.tif', 69892, 12765, 956100, 9819, 0.8609085534095389)
('meanDice', 0.882)
