/_predsToRemove/LESAV/0/ ==> /_predsToRemove/LESAV/0_c001/
33 : 48 => 6 | [81195, 2878, 2550, 1217, 939, 876]
15 : 55 => 5 | [66036, 2298, 1196, 881, 748]
34 : 49 => 2 | [84585, 1580]
12 : 29 => 1 | [74773]
318 : 23 => 2 | [71947, 723]
367 : 26 => 3 | [68541, 1351, 1214]
53 : 24 => 2 | [87547, 2033]
49 : 45 => 1 | [80858]
370 : 21 => 4 | [48544, 15039, 1050, 539]
529 : 35 => 4 | [67138, 1330, 898, 894]
119 : 18 => 3 | [63234, 1238, 1221]
37 : 41 => 5 | [88008, 6637, 2609, 1365, 1314]
224 : 23 => 2 | [97056, 1464]
304 : 19 => 2 | [51042, 1490]
279 : 23 => 1 | [90591]
111 : 22 => 3 | [55930, 2902, 849]
486 : 35 => 5 | [65262, 1472, 935, 702, 702]
275 : 15 => 2 | [75699, 988]
240 : 19 => 3 | [71357, 1477, 1284]
42 : 32 => 3 | [74112, 2329, 848]
586 : 35 => 4 | [78537, 5004, 1406, 908]
90 : 26 => 1 | [79059]
/_predsToRemove/LESAV/0_c001/ ==> /data/LESAV/targetVessels/1024x1024/all/
colorMode : Grayscale
daMode : ['noDA']
imageToTensor length: 22
('imgName', 'TP', 'FP', 'TN', 'FN', 'DICE')
('111.tif', 54662, 8824, 980071, 5019, 0.8876078819813749)
('119.tif', 57521, 6051, 976832, 8172, 0.8899702162224887)
('12.tif', 67339, 10928, 962875, 7434, 0.8800182958703607)
('15.tif', 61308, 15075, 962342, 9851, 0.8310582749318838)
('224.tif', 88066, 9592, 940464, 10454, 0.8978172883809602)
('240.tif', 65462, 5438, 969020, 8656, 0.9028120647092085)
('275.tif', 68542, 6638, 965251, 8145, 0.902658247018773)
('279.tif', 81335, 10438, 947547, 9256, 0.892007194402404)
('304.tif', 45535, 4266, 991778, 6997, 0.8899377522402353)
('318.tif', 63054, 8003, 967903, 9616, 0.8774134296270012)
('33.tif', 80925, 22313, 936608, 8730, 0.8390662180587165)
('34.tif', 71283, 17620, 944791, 14882, 0.8143464253889917)
('367.tif', 63527, 7679, 969791, 7579, 0.892784867052673)
('37.tif', 90958, 19795, 928848, 8975, 0.8634460761512393)
('370.tif', 54839, 5156, 978248, 10333, 0.8762533255570558)
('42.tif', 69523, 10382, 960905, 7766, 0.8845503009020701)
('486.tif', 59991, 6737, 972766, 9082, 0.8835133761901606)
('49.tif', 73479, 15300, 952418, 7379, 0.8663086472880327)
('529.tif', 61265, 9157, 969159, 8995, 0.8709714106993076)
('53.tif', 80318, 14410, 944586, 9262, 0.8715628187599019)
('586.tif', 75602, 10854, 951867, 10253, 0.8775063692973751)
('90.tif', 68412, 14245, 955272, 10647, 0.8460758366519083)
('meanDice', 0.874)
/_predsToRemove/LESAV/1/ ==> /_predsToRemove/LESAV/1_c001/
33 : 52 => 7 | [75607, 3319, 3043, 2391, 1177, 880, 801]
15 : 51 => 2 | [69299, 1618]
34 : 36 => 1 | [84577]
12 : 41 => 2 | [71391, 1050]
318 : 17 => 4 | [70781, 903, 764, 709]
367 : 12 => 3 | [65786, 1386, 939]
53 : 23 => 2 | [85010, 2021]
49 : 32 => 3 | [77957, 2576, 1076]
370 : 20 => 5 | [46272, 14262, 1621, 989, 498]
529 : 48 => 6 | [60511, 7298, 1656, 1242, 1118, 689]
119 : 17 => 3 | [61325, 1490, 1052]
37 : 31 => 4 | [89977, 2998, 2347, 1257]
224 : 16 => 2 | [94325, 1269]
304 : 12 => 2 | [51352, 1103]
279 : 19 => 1 | [87214]
111 : 10 => 3 | [56813, 2842, 921]
486 : 22 => 7 | [62455, 1391, 1088, 992, 809, 787, 634]
275 : 20 => 2 | [73292, 1007]
240 : 18 => 3 | [70185, 1363, 1202]
42 : 24 => 3 | [72187, 2323, 2227]
586 : 33 => 5 | [73343, 4475, 2368, 1301, 813]
90 : 18 => 2 | [79716, 857]
/_predsToRemove/LESAV/1_c001/ ==> /data/LESAV/targetVessels/1024x1024/all/
colorMode : Grayscale
daMode : ['noDA']
imageToTensor length: 22
('imgName', 'TP', 'FP', 'TN', 'FN', 'DICE')
('111.tif', 55894, 7592, 980408, 4682, 0.901065596234141)
('119.tif', 57373, 6199, 978510, 6494, 0.9003994067750061)
('12.tif', 66615, 11652, 964483, 5826, 0.8840273907158214)
('15.tif', 61454, 14929, 962730, 9463, 0.8344059742023082)
('224.tif', 87376, 10282, 942700, 8218, 0.9042700722372861)
('240.tif', 65579, 5321, 970505, 7171, 0.9130386355725723)
('275.tif', 67733, 7447, 966830, 6566, 0.9062543902487975)
('279.tif', 80531, 11242, 950120, 6683, 0.8998530619542201)
('304.tif', 46143, 3658, 992463, 6312, 0.90249960882491)
('318.tif', 64946, 6111, 969308, 8211, 0.9006892534705369)
('33.tif', 79070, 24168, 937190, 8148, 0.8303230142395094)
('34.tif', 71343, 17560, 946439, 13234, 0.8224925063407885)
('367.tif', 63025, 8181, 972284, 5086, 0.9047711334582283)
('37.tif', 89359, 21394, 930603, 7220, 0.8619894661702004)
('370.tif', 54922, 5073, 979861, 8720, 0.8884395447964606)
('42.tif', 69945, 9960, 961879, 6792, 0.8930555023556901)
('486.tif', 59530, 7198, 973222, 8626, 0.8826843806530056)
('49.tif', 74210, 14569, 952398, 7399, 0.8710707326807052)
('529.tif', 61822, 8600, 967462, 10692, 0.8650305031622544)
('53.tif', 79375, 15353, 946192, 7656, 0.8734092947254332)
('586.tif', 74627, 11829, 954447, 7673, 0.8844367015098722)
('90.tif', 70273, 12384, 955619, 10300, 0.8610304478343441)
('meanDice', 0.881)
/_predsToRemove/LESAV/2/ ==> /_predsToRemove/LESAV/2_c001/
33 : 37 => 4 | [85562, 2608, 1211, 965]
15 : 39 => 4 | [65261, 3385, 1806, 1095]
34 : 47 => 2 | [83642, 1730]
12 : 26 => 3 | [72352, 1088, 780]
318 : 14 => 1 | [72009]
367 : 13 => 3 | [67796, 1332, 1138]
53 : 23 => 1 | [89718]
49 : 22 => 2 | [81057, 2544]
370 : 28 => 6 | [46113, 14826, 1176, 1007, 708, 504]
529 : 40 => 8 | [58812, 6238, 1683, 1402, 1390, 1345, 1174, 666]
119 : 18 => 5 | [57125, 2458, 1814, 1634, 1189]
37 : 21 => 2 | [95328, 4725]
224 : 19 => 2 | [91400, 1324]
304 : 13 => 2 | [49773, 1213]
279 : 16 => 1 | [88824]
111 : 12 => 4 | [53215, 3494, 2853, 951]
486 : 20 => 4 | [68020, 807, 804, 794]
275 : 15 => 1 | [75799]
240 : 15 => 3 | [68858, 1289, 1250]
42 : 20 => 4 | [74624, 2377, 1922, 843]
586 : 30 => 3 | [80064, 4880, 951]
90 : 15 => 1 | [78553]
/_predsToRemove/LESAV/2_c001/ ==> /data/LESAV/targetVessels/1024x1024/all/
colorMode : Grayscale
daMode : ['noDA']
imageToTensor length: 22
('imgName', 'TP', 'FP', 'TN', 'FN', 'DICE')
('111.tif', 54976, 8510, 979553, 5537, 0.886716828361519)
('119.tif', 57112, 6460, 977896, 7108, 0.8938274696381621)
('12.tif', 67495, 10772, 963584, 6725, 0.8852557922970483)
('15.tif', 61731, 14652, 962377, 9816, 0.8345974447373757)
('224.tif', 85120, 12538, 943314, 7604, 0.8942021829794834)
('240.tif', 64424, 6476, 970703, 6973, 0.9054864122223237)
('275.tif', 68242, 6938, 965839, 7557, 0.9039932705873002)
('279.tif', 81135, 10638, 949114, 7689, 0.8985199089685875)
('304.tif', 44921, 4880, 992710, 6065, 0.8914046454403842)
('318.tif', 63466, 7591, 968976, 8543, 0.8872268743097591)
('33.tif', 82311, 20927, 937303, 8035, 0.8503905281428217)
('34.tif', 71620, 17283, 945921, 13752, 0.821919380289772)
('367.tif', 63819, 7387, 970923, 6447, 0.9022138656412576)
('37.tif', 91951, 18802, 929721, 8102, 0.8723755490830432)
('370.tif', 55097, 4898, 979344, 9237, 0.8863097105261041)
('42.tif', 71520, 8385, 960425, 8246, 0.8958420752672683)
('486.tif', 60619, 6109, 972042, 9806, 0.8839617069987532)
('49.tif', 75090, 13689, 951286, 8511, 0.8712147580925862)
('529.tif', 61855, 8567, 967299, 10855, 0.8643070731911802)
('53.tif', 80658, 14070, 944788, 9060, 0.8745974431540939)
('586.tif', 76267, 10189, 952492, 9628, 0.8850195241106811)
('90.tif', 69055, 13602, 956421, 9498, 0.8567086409031698)
('meanDice', 0.879)
