/_predsToRemove/IOSTAR/0/ ==> /_predsToRemove/IOSTAR/0_c00005/
5 : 71 => 37 | [29812, 29284, 15857, 2851, 1803, 1470, 926, 641, 375, 307, 283, 266, 241, 196, 191, 168, 135, 125, 123, 106, 94, 88, 86, 77, 69, 56, 54, 42, 41, 29, 28, 28, 28, 24, 22, 18, 17]
18 : 55 => 25 | [39999, 33628, 2670, 2553, 1223, 373, 338, 323, 302, 294, 251, 232, 183, 172, 112, 84, 76, 67, 60, 52, 48, 37, 36, 33, 21]
15 : 52 => 24 | [46938, 34586, 1434, 1305, 1288, 990, 893, 844, 823, 717, 458, 450, 121, 77, 62, 50, 44, 40, 38, 37, 32, 30, 28, 28]
4 : 81 => 36 | [45341, 38147, 3159, 2223, 1956, 643, 603, 590, 379, 359, 329, 323, 284, 243, 232, 228, 181, 173, 160, 153, 141, 136, 135, 88, 85, 76, 66, 57, 57, 49, 46, 43, 41, 36, 32, 31]
13 : 37 => 24 | [24721, 10698, 9259, 9151, 4468, 4456, 4152, 523, 452, 439, 299, 296, 291, 231, 202, 165, 161, 96, 79, 54, 52, 36, 19, 19]
9 : 44 => 25 | [35099, 26215, 18084, 17879, 428, 333, 228, 203, 192, 139, 109, 102, 90, 88, 80, 63, 62, 57, 47, 44, 32, 26, 22, 18, 18]
12 : 29 => 22 | [30938, 15810, 6604, 6202, 2471, 2183, 850, 797, 293, 268, 241, 204, 203, 161, 140, 108, 85, 72, 38, 38, 24, 20]
1 : 50 => 20 | [84075, 2866, 1021, 691, 606, 543, 283, 232, 225, 222, 217, 203, 188, 170, 142, 134, 119, 100, 73, 49]
2 : 62 => 43 | [19516, 19339, 12796, 11591, 11117, 3475, 2653, 1426, 1071, 1008, 654, 593, 393, 324, 271, 253, 249, 198, 191, 166, 160, 149, 134, 125, 108, 98, 86, 81, 67, 66, 45, 44, 43, 32, 26, 22, 22, 21, 20, 19, 17, 16, 15]
11 : 28 => 17 | [21150, 17449, 10653, 6777, 4494, 4159, 2483, 2145, 1005, 866, 721, 381, 195, 180, 138, 17, 14]
10 : 16 => 9 | [32357, 17201, 8473, 7865, 4955, 4535, 578, 72, 51]
14 : 43 => 14 | [48369, 35201, 2649, 1972, 1582, 544, 445, 80, 59, 35, 33, 32, 26, 25]
23 : 49 => 17 | [44430, 38336, 1783, 871, 762, 753, 144, 112, 79, 63, 58, 52, 51, 42, 41, 27, 24]
16 : 49 => 24 | [36545, 36142, 2236, 1649, 1321, 1133, 1053, 673, 125, 110, 106, 73, 69, 58, 54, 47, 45, 32, 30, 29, 29, 28, 23, 20]
22 : 40 => 19 | [51173, 49164, 965, 559, 324, 310, 207, 165, 144, 124, 81, 80, 68, 56, 43, 42, 28, 26, 26]
28 : 48 => 20 | [46241, 31499, 2145, 1553, 1312, 700, 700, 388, 216, 97, 79, 76, 74, 71, 61, 50, 47, 37, 37, 28]
3 : 102 => 64 | [25601, 17171, 15283, 12281, 4380, 3457, 1404, 1153, 892, 863, 472, 444, 373, 333, 332, 314, 237, 196, 194, 187, 177, 158, 141, 121, 108, 102, 99, 89, 88, 80, 77, 76, 75, 72, 69, 64, 62, 59, 53, 52, 51, 49, 42, 41, 38, 34, 31, 31, 29, 28, 27, 25, 24, 24, 24, 22, 21, 21, 20, 19, 18, 15, 14, 13]
21 : 49 => 31 | [27281, 20163, 15164, 5361, 5014, 4195, 3525, 3150, 3058, 2781, 2252, 1905, 744, 412, 99, 81, 62, 55, 43, 41, 37, 35, 28, 26, 26, 24, 22, 21, 20, 18, 16]
25 : 57 => 24 | [48832, 17619, 16419, 4316, 1816, 1160, 1065, 919, 263, 81, 79, 78, 75, 58, 56, 56, 47, 44, 43, 33, 33, 28, 26, 25]
7 : 31 => 14 | [49225, 35343, 2439, 1161, 738, 644, 546, 466, 206, 147, 126, 65, 43, 31]
30 : 45 => 21 | [28837, 27143, 17725, 4842, 4826, 1162, 859, 786, 255, 113, 92, 69, 62, 58, 50, 33, 29, 26, 23, 19, 15]
8 : 53 => 30 | [50987, 31921, 2183, 2093, 1250, 633, 610, 453, 433, 384, 354, 332, 280, 274, 263, 235, 189, 178, 173, 125, 75, 59, 58, 47, 40, 40, 38, 36, 33, 32]
17 : 39 => 16 | [46022, 33043, 3626, 1667, 1256, 1035, 279, 139, 119, 63, 53, 41, 32, 30, 30, 24]
20 : 84 => 38 | [42058, 37891, 5785, 1684, 1557, 780, 696, 144, 116, 114, 108, 86, 84, 83, 83, 75, 71, 68, 66, 59, 56, 55, 53, 51, 48, 48, 45, 45, 44, 44, 43, 35, 30, 29, 24, 24, 23, 22]
29 : 34 => 18 | [44499, 39094, 3618, 1744, 1308, 1089, 1016, 963, 641, 529, 349, 197, 116, 110, 67, 62, 48, 25]
6 : 86 => 48 | [38922, 34408, 4489, 4128, 2443, 905, 831, 518, 478, 423, 333, 315, 259, 244, 238, 197, 193, 189, 182, 175, 154, 123, 110, 100, 84, 69, 69, 67, 65, 58, 52, 51, 47, 47, 46, 41, 40, 39, 38, 33, 32, 27, 26, 25, 20, 20, 20, 20]
24 : 36 => 16 | [44651, 41868, 4608, 1234, 928, 906, 879, 504, 470, 445, 435, 112, 63, 29, 26, 23]
26 : 40 => 12 | [48597, 43214, 3668, 1209, 145, 126, 65, 60, 37, 32, 28, 25]
19 : 47 => 24 | [51355, 37907, 2063, 1591, 629, 467, 397, 361, 233, 203, 151, 84, 78, 70, 52, 48, 42, 40, 38, 32, 30, 29, 29, 28]
27 : 68 => 24 | [41606, 40760, 2858, 1521, 664, 621, 210, 195, 79, 76, 55, 49, 48, 44, 43, 41, 35, 32, 32, 31, 29, 28, 27, 22]
/_predsToRemove/IOSTAR/0_c00005/ ==> /data/IOSTAR/targetVessels/1024x1024/all/
colorMode : Grayscale
daMode : ['noDA']
imageToTensor length: 30
('imgName', 'TP', 'FP', 'TN', 'FN', 'DICE')
('1.tif', 70039, 12745, 943672, 22120, 0.8007065158365868)
('10.tif', 71758, 6217, 966272, 4329, 0.9315470395035765)
('11.tif', 61004, 6272, 969477, 11823, 0.8708450211630016)
('12.tif', 59430, 3721, 977105, 8320, 0.9080144536710949)
('13.tif', 61024, 3156, 975101, 9295, 0.9074268210172566)
('14.tif', 80721, 6944, 950580, 10331, 0.9033387982116978)
('15.tif', 80079, 5868, 951395, 11234, 0.9035202527360938)
('16.tif', 70880, 4678, 962268, 10750, 0.9018500139959793)
('17.tif', 69143, 3048, 958069, 18316, 0.8661822737237708)
('18.tif', 62517, 1816, 963593, 20650, 0.8476881355932203)
('19.tif', 75553, 3704, 948915, 20404, 0.8624082550481126)
('2.tif', 77166, 19052, 940824, 11534, 0.834596956488822)
('20.tif', 72760, 5879, 950370, 19567, 0.85116338921189)
('21.tif', 82083, 13014, 939903, 13576, 0.8606072679234205)
('22.tif', 76271, 7980, 937011, 27314, 0.8121020464660661)
('23.tif', 71066, 7442, 953506, 16562, 0.8555159628256368)
('24.tif', 65869, 2411, 948984, 31312, 0.7961876212521379)
('25.tif', 83474, 10935, 944470, 9697, 0.8900095959057469)
('26.tif', 80069, 4896, 946474, 17137, 0.8790531972706962)
('27.tif', 77431, 8721, 950749, 11675, 0.8836230015177624)
('28.tif', 74054, 11420, 951745, 11357, 0.8667115311466775)
('29.tif', 80309, 10350, 942751, 15166, 0.862915963768038)
('3.tif', 63347, 11828, 948698, 24703, 0.7761923724919589)
('30.tif', 74498, 9974, 951578, 12526, 0.8688016047021505)
('4.tif', 79654, 14628, 937123, 17171, 0.8336063043216627)
('5.tif', 66289, 6726, 955889, 19672, 0.8339497785829307)
('6.tif', 64975, 11126, 946057, 26418, 0.7758486871171505)
('7.tif', 79115, 9083, 948313, 12065, 0.8821037139448539)
('8.tif', 73692, 12524, 942244, 20116, 0.8186908412211705)
('9.tif', 87291, 16305, 932613, 12367, 0.8589351255079851)
('meanDice', 0.858)
/_predsToRemove/IOSTAR/1/ ==> /_predsToRemove/IOSTAR/1_c00005/
5 : 73 => 40 | [42558, 15407, 14921, 2900, 2264, 1682, 1540, 636, 611, 341, 328, 274, 230, 197, 188, 170, 167, 125, 118, 114, 106, 106, 97, 97, 78, 73, 71, 69, 57, 57, 51, 48, 44, 43, 42, 38, 35, 30, 27, 26]
18 : 68 => 27 | [41929, 36512, 3021, 2745, 1305, 364, 357, 350, 282, 199, 184, 174, 159, 131, 102, 78, 77, 64, 57, 55, 45, 45, 38, 37, 30, 26, 25]
15 : 67 => 20 | [48275, 35328, 2296, 1351, 1323, 1018, 781, 751, 706, 364, 120, 87, 61, 56, 40, 33, 28, 27, 26, 26]
4 : 95 => 38 | [45094, 33974, 4991, 3119, 2234, 955, 735, 477, 427, 414, 376, 370, 340, 268, 194, 181, 178, 128, 123, 119, 103, 102, 90, 70, 58, 54, 50, 46, 44, 42, 37, 34, 34, 28, 27, 26, 25, 24]
13 : 48 => 34 | [19738, 11737, 10856, 10173, 7022, 4780, 4764, 4672, 604, 545, 470, 456, 374, 265, 234, 186, 143, 101, 97, 96, 76, 52, 29, 16, 15, 15, 15, 15, 14, 13, 12, 12, 12, 10]
9 : 36 => 17 | [52225, 26306, 17576, 791, 771, 336, 335, 201, 162, 96, 87, 83, 82, 73, 50, 50, 34]
12 : 40 => 18 | [34155, 17836, 7577, 6546, 2973, 2533, 451, 295, 252, 221, 202, 167, 162, 91, 36, 27, 25, 18]
1 : 88 => 31 | [81599, 2918, 1798, 967, 801, 625, 479, 277, 245, 225, 205, 173, 147, 137, 120, 111, 102, 100, 100, 87, 85, 72, 68, 68, 58, 57, 57, 52, 46, 45, 44]
2 : 70 => 42 | [24785, 15784, 12990, 11677, 11301, 3133, 2989, 1530, 1082, 1018, 951, 823, 347, 314, 280, 203, 200, 197, 161, 135, 129, 100, 91, 83, 75, 70, 63, 54, 51, 46, 43, 42, 40, 38, 31, 29, 28, 25, 22, 21, 13, 13]
11 : 34 => 24 | [21056, 17234, 9351, 6940, 4094, 4028, 3991, 2513, 1017, 951, 613, 324, 215, 202, 106, 73, 27, 24, 24, 22, 20, 15, 11, 11]
10 : 16 => 10 | [24048, 17973, 8707, 8426, 7855, 4785, 4473, 582, 469, 173]
14 : 60 => 15 | [49974, 35383, 2103, 1743, 1507, 1213, 812, 568, 529, 63, 49, 45, 38, 31, 30]
23 : 61 => 14 | [45364, 35139, 3402, 1632, 721, 658, 188, 93, 56, 51, 45, 38, 31, 29]
16 : 84 => 25 | [39099, 37472, 3160, 2240, 1520, 1199, 811, 520, 319, 91, 81, 58, 57, 54, 50, 46, 40, 40, 38, 38, 34, 31, 30, 25, 22]
22 : 50 => 15 | [49822, 48694, 1020, 884, 703, 255, 88, 79, 64, 52, 45, 33, 33, 32, 25]
28 : 54 => 15 | [46127, 31622, 3101, 1631, 1265, 816, 514, 389, 186, 86, 46, 39, 33, 29, 26]
3 : 123 => 57 | [26764, 18459, 12266, 11621, 8388, 5219, 1913, 1743, 1206, 748, 416, 326, 290, 244, 234, 175, 168, 139, 134, 126, 112, 100, 92, 90, 89, 83, 83, 74, 56, 56, 55, 53, 48, 47, 46, 44, 42, 39, 38, 38, 32, 32, 31, 31, 29, 27, 27, 26, 25, 21, 20, 20, 19, 18, 18, 15, 15]
21 : 62 => 28 | [27579, 20580, 17195, 6341, 5553, 5097, 4042, 3739, 3115, 3006, 802, 460, 124, 46, 34, 31, 29, 29, 28, 26, 24, 23, 19, 16, 16, 16, 15, 15]
25 : 54 => 14 | [49896, 20653, 16932, 4477, 1816, 1112, 1087, 75, 75, 31, 31, 29, 29, 25]
7 : 46 => 17 | [48795, 36394, 2390, 1197, 699, 696, 696, 541, 366, 250, 153, 66, 42, 42, 34, 29, 26]
30 : 64 => 25 | [27110, 26172, 23104, 4686, 1134, 1050, 846, 788, 584, 302, 190, 183, 158, 113, 92, 79, 77, 51, 46, 27, 24, 23, 22, 16, 15]
8 : 56 => 25 | [51338, 33330, 2204, 2026, 1140, 724, 604, 586, 473, 403, 391, 335, 253, 250, 199, 178, 95, 87, 63, 55, 49, 45, 38, 35, 29]
17 : 47 => 14 | [47382, 37647, 3904, 1383, 605, 134, 101, 69, 61, 52, 45, 44, 40, 25]
20 : 91 => 24 | [47021, 38997, 1638, 1621, 644, 162, 152, 141, 99, 90, 66, 56, 53, 51, 43, 42, 38, 37, 34, 33, 29, 29, 25, 24]
29 : 38 => 20 | [47878, 36907, 3791, 1905, 1424, 1360, 1127, 999, 647, 581, 439, 261, 184, 153, 130, 108, 83, 60, 31, 24]
6 : 104 => 57 | [37416, 34621, 5515, 4260, 1391, 1152, 918, 753, 460, 426, 323, 283, 280, 216, 214, 209, 189, 170, 170, 159, 145, 124, 119, 110, 109, 102, 96, 85, 81, 68, 68, 67, 63, 61, 60, 57, 55, 54, 49, 49, 45, 44, 41, 41, 39, 39, 39, 37, 28, 25, 25, 22, 22, 22, 21, 21, 20]
24 : 28 => 11 | [88125, 3543, 1881, 995, 866, 841, 681, 534, 467, 418, 250]
26 : 35 => 14 | [47564, 43257, 3944, 723, 659, 258, 99, 45, 38, 35, 34, 29, 27, 24]
19 : 68 => 20 | [51460, 36763, 2022, 1532, 518, 503, 446, 379, 350, 288, 125, 85, 65, 60, 55, 43, 40, 38, 37, 31]
27 : 75 => 17 | [41948, 40803, 1718, 1368, 1023, 948, 775, 569, 66, 47, 36, 34, 31, 31, 28, 26, 23]
/_predsToRemove/IOSTAR/1_c00005/ ==> /data/IOSTAR/targetVessels/1024x1024/all/
colorMode : Grayscale
daMode : ['noDA']
imageToTensor length: 30
('imgName', 'TP', 'FP', 'TN', 'FN', 'DICE')
('1.tif', 68854, 13930, 942778, 23014, 0.7884707876233882)
('10.tif', 73158, 4817, 966268, 4333, 0.9411446875844236)
('11.tif', 62549, 4727, 970987, 10313, 0.8926772181706604)
('12.tif', 60887, 2264, 972745, 12680, 0.8906947146681491)
('13.tif', 62509, 1671, 969286, 15110, 0.8816564291708686)
('14.tif', 81653, 6012, 948476, 12435, 0.898505114083399)
('15.tif', 80532, 5415, 950464, 12165, 0.9015919930140391)
('16.tif', 71622, 3936, 957565, 15453, 0.8807806533729317)
('17.tif', 69616, 2575, 954509, 21876, 0.8506197955804817)
('18.tif', 63128, 1205, 958980, 25263, 0.8266939053455907)
('19.tif', 75461, 3796, 949940, 19379, 0.8668845528642078)
('2.tif', 77917, 18301, 939268, 13090, 0.8323354252904259)
('20.tif', 73346, 5293, 952158, 17779, 0.8640936829952169)
('21.tif', 83840, 11257, 939319, 14160, 0.8683718545601433)
('22.tif', 76348, 7903, 938844, 25481, 0.8205932932072227)
('23.tif', 71769, 6739, 954390, 15678, 0.8649212135819951)
('24.tif', 66185, 2095, 947880, 32416, 0.7931999448708961)
('25.tif', 85869, 8540, 943768, 10399, 0.9006749634198147)
('26.tif', 79693, 5272, 946568, 17043, 0.8771883478902153)
('27.tif', 77705, 8447, 950655, 11769, 0.8848917586234385)
('28.tif', 74426, 11048, 951618, 11484, 0.8685291509125705)
('29.tif', 81176, 9483, 941001, 16916, 0.8601384893325068)
('3.tif', 64063, 11112, 945194, 28207, 0.7651825972707457)
('30.tif', 73937, 10535, 951149, 12955, 0.8629233678018721)
('4.tif', 78001, 16281, 936704, 17590, 0.8216123408804833)
('5.tif', 65761, 7254, 955356, 20205, 0.8272812474446632)
('6.tif', 64399, 11702, 945596, 26879, 0.7694991605876484)
('7.tif', 79642, 8556, 947604, 12774, 0.88190284252605)
('8.tif', 74636, 11580, 942066, 20294, 0.8240424850672938)
('9.tif', 87058, 16538, 932780, 12200, 0.8583316079544895)
('meanDice', 0.856)
/_predsToRemove/IOSTAR/2/ ==> /_predsToRemove/IOSTAR/2_c00005/
5 : 70 => 35 | [42722, 31612, 3109, 2166, 1887, 1519, 543, 300, 291, 177, 166, 116, 96, 90, 90, 87, 81, 66, 63, 61, 44, 44, 43, 42, 40, 38, 32, 31, 30, 25, 24, 24, 23, 23, 22]
18 : 65 => 32 | [35264, 31227, 3107, 2530, 1145, 644, 408, 370, 341, 323, 279, 222, 221, 203, 193, 177, 176, 123, 112, 104, 104, 70, 54, 48, 39, 30, 22, 21, 20, 19, 19, 18]
15 : 53 => 21 | [49016, 36578, 1424, 1329, 1290, 1099, 858, 848, 822, 726, 165, 153, 69, 63, 52, 51, 47, 46, 45, 43, 33]
4 : 85 => 37 | [42569, 34151, 4483, 1946, 1135, 961, 579, 576, 513, 448, 346, 335, 329, 252, 170, 165, 163, 141, 141, 139, 136, 113, 103, 95, 90, 88, 69, 56, 46, 42, 42, 40, 39, 38, 34, 27, 27]
13 : 69 => 34 | [18446, 10476, 9328, 8836, 6636, 4304, 4290, 4031, 571, 547, 474, 367, 323, 279, 238, 183, 128, 87, 58, 48, 35, 27, 27, 21, 19, 17, 16, 15, 12, 11, 11, 10, 10, 10]
9 : 42 => 19 | [53159, 25646, 17968, 1167, 786, 268, 222, 173, 145, 134, 110, 100, 91, 72, 69, 63, 43, 35, 29]
12 : 45 => 17 | [32156, 16615, 8764, 6355, 2326, 748, 637, 308, 283, 273, 194, 181, 91, 30, 30, 25, 18]
1 : 80 => 23 | [91125, 823, 600, 429, 318, 258, 220, 206, 198, 198, 188, 184, 137, 122, 116, 111, 107, 101, 80, 55, 55, 53, 51]
2 : 71 => 44 | [21097, 20562, 14096, 11959, 11127, 3254, 3092, 1288, 1136, 997, 794, 372, 367, 332, 201, 199, 166, 97, 77, 72, 57, 54, 50, 44, 41, 40, 28, 28, 27, 23, 23, 22, 19, 18, 18, 17, 17, 16, 15, 15, 11, 11, 11, 11]
11 : 40 => 24 | [20325, 16698, 9280, 6684, 4206, 3938, 2378, 2232, 1225, 909, 554, 526, 472, 392, 140, 129, 73, 52, 29, 29, 23, 13, 12, 11]
10 : 18 => 7 | [33967, 18241, 9387, 8178, 5659, 4442, 86]
14 : 32 => 12 | [50310, 36874, 2704, 2191, 1700, 541, 497, 132, 37, 36, 28, 26]
23 : 47 => 18 | [46797, 21593, 15317, 2251, 1653, 765, 744, 133, 67, 56, 52, 47, 46, 43, 30, 30, 27, 26]
16 : 82 => 33 | [37894, 36742, 2332, 1535, 1317, 1241, 944, 661, 447, 336, 183, 125, 87, 85, 83, 59, 46, 44, 43, 40, 39, 38, 37, 32, 28, 28, 28, 25, 24, 23, 23, 21, 21]
22 : 48 => 18 | [49633, 43016, 5619, 1075, 656, 500, 320, 307, 266, 179, 66, 65, 58, 41, 37, 35, 34, 25]
28 : 42 => 13 | [46962, 25611, 7296, 2009, 1582, 1346, 658, 628, 513, 288, 67, 28, 25]
3 : 124 => 74 | [24177, 19018, 14921, 13659, 4403, 3404, 2270, 1960, 1779, 1158, 981, 674, 589, 412, 387, 306, 298, 266, 262, 261, 261, 242, 159, 157, 145, 137, 134, 128, 123, 107, 95, 77, 73, 72, 65, 64, 63, 60, 57, 56, 53, 52, 49, 48, 43, 42, 41, 39, 38, 37, 36, 32, 30, 30, 30, 28, 27, 21, 20, 20, 19, 19, 19, 19, 18, 18, 18, 17, 16, 15, 14, 14, 13, 13]
21 : 54 => 30 | [26884, 20456, 15609, 6703, 5830, 5375, 4439, 3907, 3141, 3022, 2045, 829, 371, 104, 87, 74, 63, 62, 53, 40, 39, 38, 31, 30, 29, 28, 26, 24, 22, 15]
25 : 39 => 20 | [49742, 20807, 17133, 2906, 1762, 1490, 1223, 1086, 563, 126, 110, 86, 84, 51, 38, 34, 33, 28, 25, 25]
7 : 59 => 28 | [43226, 33867, 2288, 1945, 1015, 832, 672, 626, 574, 491, 323, 308, 242, 186, 130, 126, 98, 84, 77, 42, 37, 31, 30, 29, 26, 25, 22, 22]
30 : 60 => 35 | [26867, 25410, 17432, 4946, 4913, 1168, 1039, 960, 867, 544, 455, 274, 218, 208, 200, 139, 136, 58, 55, 45, 41, 40, 37, 32, 32, 30, 26, 24, 18, 17, 16, 15, 15, 14, 14]
8 : 71 => 27 | [51378, 33253, 2164, 2054, 1535, 772, 654, 474, 389, 343, 307, 273, 270, 262, 180, 136, 103, 72, 55, 49, 48, 46, 45, 41, 30, 26, 26]
17 : 45 => 21 | [44220, 34295, 3598, 1335, 1309, 1021, 714, 436, 308, 282, 252, 247, 148, 88, 86, 54, 53, 44, 39, 35, 30]
20 : 75 => 28 | [47288, 40942, 1793, 1579, 818, 169, 159, 136, 116, 106, 93, 82, 79, 79, 62, 61, 60, 60, 59, 50, 42, 42, 39, 37, 33, 32, 27, 25]
29 : 49 => 29 | [43617, 37880, 2282, 1975, 1678, 1289, 1262, 1078, 1065, 704, 473, 444, 389, 301, 141, 103, 94, 90, 90, 76, 74, 55, 50, 34, 34, 31, 31, 23, 23]
6 : 95 => 51 | [35409, 34008, 4310, 3543, 1156, 748, 553, 371, 360, 340, 327, 231, 230, 205, 189, 176, 142, 133, 124, 120, 117, 115, 112, 111, 97, 86, 85, 84, 79, 75, 74, 74, 72, 67, 60, 59, 56, 56, 50, 42, 40, 38, 38, 35, 32, 30, 25, 22, 22, 20, 19]
24 : 46 => 23 | [71028, 4098, 3679, 1178, 924, 843, 697, 673, 476, 456, 455, 423, 379, 354, 286, 255, 249, 211, 166, 162, 155, 103, 65]
26 : 46 => 16 | [48562, 43377, 3970, 500, 405, 204, 106, 51, 51, 43, 41, 34, 34, 31, 31, 31]
19 : 54 => 21 | [48937, 36446, 1894, 1381, 1182, 445, 415, 285, 253, 180, 88, 75, 50, 46, 42, 40, 37, 36, 35, 29, 29]
27 : 52 => 16 | [42887, 33912, 7696, 1454, 982, 629, 597, 581, 330, 137, 53, 35, 29, 28, 27, 22]
/_predsToRemove/IOSTAR/2_c00005/ ==> /data/IOSTAR/targetVessels/1024x1024/all/
colorMode : Grayscale
daMode : ['noDA']
imageToTensor length: 30
('imgName', 'TP', 'FP', 'TN', 'FN', 'DICE')
('1.tif', 69749, 13035, 939806, 25986, 0.7814182243906811)
('10.tif', 74036, 3939, 964677, 5924, 0.9375502580175389)
('11.tif', 60449, 6827, 971419, 9881, 0.8785808758339025)
('12.tif', 60026, 3125, 976417, 9008, 0.9082119756402013)
('13.tif', 61064, 3116, 975569, 8827, 0.9109203332562598)
('14.tif', 82594, 5071, 948429, 12482, 0.903946021965514)
('15.tif', 81534, 4413, 949406, 13223, 0.902403931290951)
('16.tif', 71567, 3991, 959974, 13044, 0.8936435889591618)
('17.tif', 69192, 2999, 956983, 19402, 0.8606773019871257)
('18.tif', 61457, 2876, 968067, 16176, 0.865798853246552)
('19.tif', 74735, 4522, 952129, 17190, 0.8731642345573717)
('2.tif', 78618, 17600, 939075, 13283, 0.8358326378515727)
('20.tif', 74070, 4569, 949939, 19998, 0.8577533047299762)
('21.tif', 84046, 11051, 938149, 15330, 0.8643462074426784)
('22.tif', 76256, 7995, 938649, 25676, 0.8191510503107158)
('23.tif', 72069, 6439, 952460, 17608, 0.8570205428545946)
('24.tif', 65023, 3257, 958004, 22292, 0.8357980654905364)
('25.tif', 86236, 8173, 943051, 11116, 0.8994112462909559)
('26.tif', 79681, 5284, 945821, 17790, 0.8735227696288014)
('27.tif', 77606, 8546, 950631, 11793, 0.884141930265279)
('28.tif', 74583, 10891, 950672, 12430, 0.8647956077849345)
('29.tif', 80064, 10595, 942595, 15322, 0.8606949931468193)
('3.tif', 65328, 9847, 944321, 29080, 0.7704545856601193)
('30.tif', 73688, 10784, 951487, 12617, 0.8629733512123998)
('4.tif', 76065, 18217, 939732, 14562, 0.822729018057531)
('5.tif', 66622, 6393, 956456, 19105, 0.8393745826561338)
('6.tif', 63261, 12840, 951169, 21306, 0.7874747927403092)
('7.tif', 76889, 11309, 949893, 10485, 0.8758685895245255)
('8.tif', 73513, 12703, 940888, 21472, 0.8113972880944366)
('9.tif', 87288, 16308, 931988, 12992, 0.8562851929604269)
('meanDice', 0.86)
