/_predsToRemove/IOSTAR/0/ ==> /_predsToRemove/IOSTAR/0_c0005/
5 : 71 => 16 | [29812, 29284, 15857, 2851, 1803, 1470, 926, 641, 375, 307, 283, 266, 241, 196, 191, 168]
18 : 55 => 12 | [39999, 33628, 2670, 2553, 1223, 373, 338, 323, 302, 294, 251, 232]
15 : 52 => 12 | [46938, 34586, 1434, 1305, 1288, 990, 893, 844, 823, 717, 458, 450]
4 : 81 => 16 | [45341, 38147, 3159, 2223, 1956, 643, 603, 590, 379, 359, 329, 323, 284, 243, 232, 228]
13 : 37 => 17 | [24721, 10698, 9259, 9151, 4468, 4456, 4152, 523, 452, 439, 299, 296, 291, 231, 202, 165, 161]
9 : 44 => 9 | [35099, 26215, 18084, 17879, 428, 333, 228, 203, 192]
12 : 29 => 14 | [30938, 15810, 6604, 6202, 2471, 2183, 850, 797, 293, 268, 241, 204, 203, 161]
1 : 50 => 6 | [84075, 2866, 1021, 691, 606, 543]
2 : 62 => 26 | [19516, 19339, 12796, 11591, 11117, 3475, 2653, 1426, 1071, 1008, 654, 593, 393, 324, 271, 253, 249, 198, 191, 166, 160, 149, 134, 125, 108, 98]
11 : 28 => 15 | [21150, 17449, 10653, 6777, 4494, 4159, 2483, 2145, 1005, 866, 721, 381, 195, 180, 138]
10 : 16 => 7 | [32357, 17201, 8473, 7865, 4955, 4535, 578]
14 : 43 => 7 | [48369, 35201, 2649, 1972, 1582, 544, 445]
23 : 49 => 6 | [44430, 38336, 1783, 871, 762, 753]
16 : 49 => 8 | [36545, 36142, 2236, 1649, 1321, 1133, 1053, 673]
22 : 40 => 6 | [51173, 49164, 965, 559, 324, 310]
28 : 48 => 8 | [46241, 31499, 2145, 1553, 1312, 700, 700, 388]
3 : 102 => 23 | [25601, 17171, 15283, 12281, 4380, 3457, 1404, 1153, 892, 863, 472, 444, 373, 333, 332, 314, 237, 196, 194, 187, 177, 158, 141]
21 : 49 => 14 | [27281, 20163, 15164, 5361, 5014, 4195, 3525, 3150, 3058, 2781, 2252, 1905, 744, 412]
25 : 57 => 9 | [48832, 17619, 16419, 4316, 1816, 1160, 1065, 919, 263]
7 : 31 => 8 | [49225, 35343, 2439, 1161, 738, 644, 546, 466]
30 : 45 => 9 | [28837, 27143, 17725, 4842, 4826, 1162, 859, 786, 255]
8 : 53 => 15 | [50987, 31921, 2183, 2093, 1250, 633, 610, 453, 433, 384, 354, 332, 280, 274, 263]
17 : 39 => 7 | [46022, 33043, 3626, 1667, 1256, 1035, 279]
20 : 84 => 7 | [42058, 37891, 5785, 1684, 1557, 780, 696]
29 : 34 => 11 | [44499, 39094, 3618, 1744, 1308, 1089, 1016, 963, 641, 529, 349]
6 : 86 => 16 | [38922, 34408, 4489, 4128, 2443, 905, 831, 518, 478, 423, 333, 315, 259, 244, 238, 197]
24 : 36 => 11 | [44651, 41868, 4608, 1234, 928, 906, 879, 504, 470, 445, 435]
26 : 40 => 4 | [48597, 43214, 3668, 1209]
19 : 47 => 8 | [51355, 37907, 2063, 1591, 629, 467, 397, 361]
27 : 68 => 7 | [41606, 40760, 2858, 1521, 664, 621, 210]
/_predsToRemove/IOSTAR/0_c0005/ ==> /data/IOSTAR/targetVessels/1024x1024/all/
colorMode : Grayscale
daMode : ['noDA']
imageToTensor length: 30
('imgName', 'TP', 'FP', 'TN', 'FN', 'DICE')
('1.tif', 69065, 13719, 945055, 20737, 0.8003546058197073)
('10.tif', 71653, 6322, 966290, 4311, 0.9309271854435848)
('11.tif', 61004, 6272, 969508, 11792, 0.8710377520132503)
('12.tif', 59078, 4073, 977278, 8147, 0.9062710928391728)
('13.tif', 60876, 3304, 975308, 9088, 0.9076216603053435)
('14.tif', 80721, 6944, 950870, 10041, 0.904807007907996)
('15.tif', 80079, 5868, 951982, 10647, 0.90652221901479)
('16.tif', 70683, 4875, 962949, 10069, 0.9043951122768856)
('17.tif', 68849, 3342, 958306, 18079, 0.8653774847755453)
('18.tif', 62292, 2041, 964349, 19894, 0.850292453538449)
('19.tif', 75280, 3977, 949829, 19490, 0.865153108425704)
('2.tif', 76951, 19267, 941251, 11107, 0.8351711563090147)
('20.tif', 72736, 5903, 952222, 17715, 0.8603229049618546)
('21.tif', 82061, 13036, 940535, 12944, 0.8633365246025818)
('22.tif', 76093, 8158, 937923, 26402, 0.8149357951442066)
('23.tif', 70995, 7513, 954128, 15940, 0.8582412069413635)
('24.tif', 65774, 2506, 949142, 31154, 0.7962568398624764)
('25.tif', 83249, 11160, 945007, 9160, 0.8912310376944406)
('26.tif', 79934, 5031, 946857, 16754, 0.8800735468172834)
('27.tif', 77271, 8881, 951455, 10969, 0.8861759713748337)
('28.tif', 73849, 11625, 952413, 10689, 0.868750441145331)
('29.tif', 79896, 10763, 942963, 14954, 0.8613706073559774)
('3.tif', 63163, 12012, 950521, 22880, 0.7835725539331836)
('30.tif', 74338, 10134, 952007, 12097, 0.8699234086374461)
('4.tif', 78899, 15383, 938154, 16140, 0.8334944353769523)
('5.tif', 65868, 7147, 956758, 18803, 0.8354324416879114)
('6.tif', 64104, 11997, 947448, 25027, 0.7759271811755593)
('7.tif', 78874, 9324, 948690, 11688, 0.8824569254866861)
('8.tif', 72915, 13301, 942825, 19535, 0.8162157321482543)
('9.tif', 86710, 16886, 933029, 11951, 0.8574239704929867)
('meanDice', 0.859)
/_predsToRemove/IOSTAR/1/ ==> /_predsToRemove/IOSTAR/1_c0005/
5 : 73 => 13 | [42558, 15407, 14921, 2900, 2264, 1682, 1540, 636, 611, 341, 328, 274, 230]
18 : 68 => 9 | [41929, 36512, 3021, 2745, 1305, 364, 357, 350, 282]
15 : 67 => 10 | [48275, 35328, 2296, 1351, 1323, 1018, 781, 751, 706, 364]
4 : 95 => 14 | [45094, 33974, 4991, 3119, 2234, 955, 735, 477, 427, 414, 376, 370, 340, 268]
13 : 48 => 18 | [19738, 11737, 10856, 10173, 7022, 4780, 4764, 4672, 604, 545, 470, 456, 374, 265, 234, 186, 143, 101]
9 : 36 => 7 | [52225, 26306, 17576, 791, 771, 336, 335]
12 : 40 => 11 | [34155, 17836, 7577, 6546, 2973, 2533, 451, 295, 252, 221, 202]
1 : 88 => 7 | [81599, 2918, 1798, 967, 801, 625, 479]
2 : 70 => 21 | [24785, 15784, 12990, 11677, 11301, 3133, 2989, 1530, 1082, 1018, 951, 823, 347, 314, 280, 203, 200, 197, 161, 135, 129]
11 : 34 => 15 | [21056, 17234, 9351, 6940, 4094, 4028, 3991, 2513, 1017, 951, 613, 324, 215, 202, 106]
10 : 16 => 10 | [24048, 17973, 8707, 8426, 7855, 4785, 4473, 582, 469, 173]
14 : 60 => 9 | [49974, 35383, 2103, 1743, 1507, 1213, 812, 568, 529]
23 : 61 => 6 | [45364, 35139, 3402, 1632, 721, 658]
16 : 84 => 9 | [39099, 37472, 3160, 2240, 1520, 1199, 811, 520, 319]
22 : 50 => 6 | [49822, 48694, 1020, 884, 703, 255]
28 : 54 => 8 | [46127, 31622, 3101, 1631, 1265, 816, 514, 389]
3 : 123 => 19 | [26764, 18459, 12266, 11621, 8388, 5219, 1913, 1743, 1206, 748, 416, 326, 290, 244, 234, 175, 168, 139, 134]
21 : 62 => 12 | [27579, 20580, 17195, 6341, 5553, 5097, 4042, 3739, 3115, 3006, 802, 460]
25 : 54 => 7 | [49896, 20653, 16932, 4477, 1816, 1112, 1087]
7 : 46 => 10 | [48795, 36394, 2390, 1197, 699, 696, 696, 541, 366, 250]
30 : 64 => 13 | [27110, 26172, 23104, 4686, 1134, 1050, 846, 788, 584, 302, 190, 183, 158]
8 : 56 => 12 | [51338, 33330, 2204, 2026, 1140, 724, 604, 586, 473, 403, 391, 335]
17 : 47 => 5 | [47382, 37647, 3904, 1383, 605]
20 : 91 => 5 | [47021, 38997, 1638, 1621, 644]
29 : 38 => 12 | [47878, 36907, 3791, 1905, 1424, 1360, 1127, 999, 647, 581, 439, 261]
6 : 104 => 17 | [37416, 34621, 5515, 4260, 1391, 1152, 918, 753, 460, 426, 323, 283, 280, 216, 214, 209, 189]
24 : 28 => 9 | [88125, 3543, 1881, 995, 866, 841, 681, 534, 467]
26 : 35 => 6 | [47564, 43257, 3944, 723, 659, 258]
19 : 68 => 10 | [51460, 36763, 2022, 1532, 518, 503, 446, 379, 350, 288]
27 : 75 => 8 | [41948, 40803, 1718, 1368, 1023, 948, 775, 569]
/_predsToRemove/IOSTAR/1_c0005/ ==> /data/IOSTAR/targetVessels/1024x1024/all/
colorMode : Grayscale
daMode : ['noDA']
imageToTensor length: 30
('imgName', 'TP', 'FP', 'TN', 'FN', 'DICE')
('1.tif', 67633, 15151, 944238, 21554, 0.7865628507132016)
('10.tif', 73158, 4817, 966268, 4333, 0.9411446875844236)
('11.tif', 62476, 4800, 971141, 10159, 0.8930820307195289)
('12.tif', 60511, 2640, 972895, 12530, 0.8886131343984962)
('13.tif', 62388, 1792, 969664, 14732, 0.8830573248407644)
('14.tif', 81653, 6012, 948732, 12179, 0.899772448029444)
('15.tif', 80482, 5465, 950918, 11711, 0.9035814527899405)
('16.tif', 71594, 3964, 958272, 14746, 0.8844334086894218)
('17.tif', 69435, 2756, 954899, 21486, 0.8513781941242827)
('18.tif', 62674, 1659, 960052, 24191, 0.8290321300546304)
('19.tif', 75347, 3910, 950405, 18914, 0.8684632141910349)
('2.tif', 77459, 18759, 939788, 12570, 0.8317878945701139)
('20.tif', 73346, 5293, 953362, 16575, 0.870265780730897)
('21.tif', 83788, 11309, 939758, 13721, 0.870045585288101)
('22.tif', 76274, 7977, 939221, 25104, 0.8217896988078371)
('23.tif', 71678, 6830, 954830, 15238, 0.8665973498404101)
('24.tif', 65757, 2523, 948120, 32176, 0.791237749153195)
('25.tif', 85869, 8540, 944063, 10104, 0.902070573898793)
('26.tif', 79645, 5320, 946851, 16760, 0.8782599106798258)
('27.tif', 77705, 8447, 950977, 11447, 0.8865171359466983)
('28.tif', 74290, 11184, 951927, 11175, 0.869198954012835)
('29.tif', 80688, 9971, 941286, 16631, 0.8584834395514369)
('3.tif', 64021, 11154, 946969, 26432, 0.7730697708116985)
('30.tif', 73844, 10628, 951641, 12463, 0.8647901674093419)
('4.tif', 76999, 17283, 937519, 16775, 0.8188943718892245)
('5.tif', 65313, 7702, 957182, 18379, 0.8335683792045027)
('6.tif', 63675, 12426, 947524, 24951, 0.7730973064524941)
('7.tif', 79391, 8807, 947745, 12633, 0.8810356116345396)
('8.tif', 73751, 12465, 942557, 19803, 0.8205039773043333)
('9.tif', 86309, 17287, 932949, 12031, 0.8548153870533238)
('meanDice', 0.857)
/_predsToRemove/IOSTAR/2/ ==> /_predsToRemove/IOSTAR/2_c0005/
5 : 70 => 9 | [42722, 31612, 3109, 2166, 1887, 1519, 543, 300, 291]
18 : 65 => 16 | [35264, 31227, 3107, 2530, 1145, 644, 408, 370, 341, 323, 279, 222, 221, 203, 193, 177]
15 : 53 => 10 | [49016, 36578, 1424, 1329, 1290, 1099, 858, 848, 822, 726]
4 : 85 => 14 | [42569, 34151, 4483, 1946, 1135, 961, 579, 576, 513, 448, 346, 335, 329, 252]
13 : 69 => 17 | [18446, 10476, 9328, 8836, 6636, 4304, 4290, 4031, 571, 547, 474, 367, 323, 279, 238, 183, 128]
9 : 42 => 6 | [53159, 25646, 17968, 1167, 786, 268]
12 : 45 => 12 | [32156, 16615, 8764, 6355, 2326, 748, 637, 308, 283, 273, 194, 181]
1 : 80 => 3 | [91125, 823, 600]
2 : 71 => 17 | [21097, 20562, 14096, 11959, 11127, 3254, 3092, 1288, 1136, 997, 794, 372, 367, 332, 201, 199, 166]
11 : 40 => 16 | [20325, 16698, 9280, 6684, 4206, 3938, 2378, 2232, 1225, 909, 554, 526, 472, 392, 140, 129]
10 : 18 => 6 | [33967, 18241, 9387, 8178, 5659, 4442]
14 : 32 => 7 | [50310, 36874, 2704, 2191, 1700, 541, 497]
23 : 47 => 7 | [46797, 21593, 15317, 2251, 1653, 765, 744]
16 : 82 => 10 | [37894, 36742, 2332, 1535, 1317, 1241, 944, 661, 447, 336]
22 : 48 => 9 | [49633, 43016, 5619, 1075, 656, 500, 320, 307, 266]
28 : 42 => 10 | [46962, 25611, 7296, 2009, 1582, 1346, 658, 628, 513, 288]
3 : 124 => 29 | [24177, 19018, 14921, 13659, 4403, 3404, 2270, 1960, 1779, 1158, 981, 674, 589, 412, 387, 306, 298, 266, 262, 261, 261, 242, 159, 157, 145, 137, 134, 128, 123]
21 : 54 => 13 | [26884, 20456, 15609, 6703, 5830, 5375, 4439, 3907, 3141, 3022, 2045, 829, 371]
25 : 39 => 9 | [49742, 20807, 17133, 2906, 1762, 1490, 1223, 1086, 563]
7 : 59 => 13 | [43226, 33867, 2288, 1945, 1015, 832, 672, 626, 574, 491, 323, 308, 242]
30 : 60 => 17 | [26867, 25410, 17432, 4946, 4913, 1168, 1039, 960, 867, 544, 455, 274, 218, 208, 200, 139, 136]
8 : 71 => 14 | [51378, 33253, 2164, 2054, 1535, 772, 654, 474, 389, 343, 307, 273, 270, 262]
17 : 45 => 12 | [44220, 34295, 3598, 1335, 1309, 1021, 714, 436, 308, 282, 252, 247]
20 : 75 => 5 | [47288, 40942, 1793, 1579, 818]
29 : 49 => 14 | [43617, 37880, 2282, 1975, 1678, 1289, 1262, 1078, 1065, 704, 473, 444, 389, 301]
6 : 95 => 15 | [35409, 34008, 4310, 3543, 1156, 748, 553, 371, 360, 340, 327, 231, 230, 205, 189]
24 : 46 => 13 | [71028, 4098, 3679, 1178, 924, 843, 697, 673, 476, 456, 455, 423, 379]
26 : 46 => 5 | [48562, 43377, 3970, 500, 405]
19 : 54 => 9 | [48937, 36446, 1894, 1381, 1182, 445, 415, 285, 253]
27 : 52 => 9 | [42887, 33912, 7696, 1454, 982, 629, 597, 581, 330]
/_predsToRemove/IOSTAR/2_c0005/ ==> /data/IOSTAR/targetVessels/1024x1024/all/
colorMode : Grayscale
daMode : ['noDA']
imageToTensor length: 30
('imgName', 'TP', 'FP', 'TN', 'FN', 'DICE')
('1.tif', 68190, 14594, 941434, 24358, 0.7778386147423174)
('10.tif', 73965, 4010, 964692, 5909, 0.9371614644375321)
('11.tif', 60340, 6936, 971552, 9748, 0.8785416848664861)
('12.tif', 59950, 3201, 976535, 8890, 0.908395269374427)
('13.tif', 60921, 3259, 975860, 8536, 0.9117385155308785)
('14.tif', 82497, 5168, 948591, 12320, 0.9041658903343891)
('15.tif', 81534, 4413, 950173, 12456, 0.9062505210156888)
('16.tif', 71517, 4041, 961086, 11932, 0.8995453030369732)
('17.tif', 69052, 3139, 957420, 18965, 0.8620293618296215)
('18.tif', 61101, 3232, 968690, 15553, 0.8667607651769312)
('19.tif', 74584, 4673, 952665, 16654, 0.8749112877210475)
('2.tif', 78238, 17980, 939557, 12801, 0.8356216323021303)
('20.tif', 73979, 4660, 951496, 18441, 0.8649530279026535)
('21.tif', 84015, 11082, 938883, 14596, 0.8674396514341173)
('22.tif', 76145, 8106, 939078, 25247, 0.8203379604940666)
('23.tif', 72004, 6504, 952952, 17116, 0.859092753000692)
('24.tif', 63641, 4639, 958628, 21668, 0.8287182024754377)
('25.tif', 86236, 8173, 943691, 10476, 0.902423072294515)
('26.tif', 79592, 5373, 946389, 17222, 0.8757007135037601)
('27.tif', 77558, 8594, 950914, 11510, 0.8852642392420956)
('28.tif', 74534, 10940, 950743, 12359, 0.8648291146217083)
('29.tif', 79660, 10999, 943140, 14777, 0.8607425336041837)
('3.tif', 65168, 10007, 945898, 27503, 0.7765213350333043)
('30.tif', 73534, 10938, 951862, 12242, 0.8638456839434238)
('4.tif', 75119, 19163, 940790, 13504, 0.8213990869577102)
('5.tif', 66410, 6605, 957822, 17739, 0.8451044768522054)
('6.tif', 62734, 13367, 953229, 19246, 0.7936943718726476)
('7.tif', 76696, 11502, 950665, 9713, 0.878498571076761)
('8.tif', 73180, 13036, 941412, 20948, 0.8115601295302312)
('9.tif', 86506, 17090, 932492, 12488, 0.8540006910508909)
('meanDice', 0.861)
