/_predsToRemove/DRIVE_RETA/0/ ==> /_predsToRemove/DRIVE_RETA/0_c0001/
18 : 63 => 9 | [102219, 302, 209, 169, 155, 135, 121, 113, 108]
33 : 77 => 18 | [87353, 1005, 744, 597, 541, 471, 209, 197, 153, 142, 137, 135, 128, 124, 120, 108, 98, 95]
08 : 110 => 18 | [83075, 1532, 1495, 1315, 558, 523, 289, 245, 220, 197, 191, 155, 127, 118, 113, 92, 91, 84]
15 : 47 => 7 | [88583, 862, 252, 237, 177, 177, 132]
34 : 192 => 35 | [60224, 1295, 1250, 832, 640, 431, 370, 312, 218, 197, 186, 166, 158, 156, 147, 146, 146, 127, 125, 120, 114, 107, 96, 87, 82, 76, 75, 74, 72, 72, 72, 69, 65, 63, 62]
13 : 50 => 15 | [111048, 545, 388, 286, 266, 261, 244, 214, 193, 187, 160, 146, 140, 132, 130]
12 : 47 => 12 | [50569, 47625, 800, 212, 148, 143, 142, 109, 108, 89, 85, 70]
38 : 63 => 6 | [109432, 533, 467, 172, 137, 116]
11 : 77 => 13 | [97764, 506, 420, 381, 363, 182, 172, 165, 155, 140, 128, 111, 107]
10 : 61 => 13 | [87811, 782, 568, 278, 178, 175, 153, 130, 105, 102, 94, 94, 90]
14 : 58 => 7 | [96064, 298, 218, 182, 147, 105, 104]
23 : 74 => 7 | [74315, 446, 180, 122, 104, 98, 77]
16 : 58 => 9 | [100557, 311, 268, 200, 137, 113, 108, 104, 103]
22 : 69 => 22 | [93695, 757, 648, 358, 346, 324, 291, 273, 154, 148, 147, 145, 140, 125, 121, 111, 108, 103, 102, 101, 98, 97]
28 : 75 => 15 | [101590, 1239, 955, 239, 229, 220, 210, 197, 175, 172, 142, 131, 123, 117, 102]
40 : 95 => 16 | [98907, 259, 236, 231, 229, 219, 181, 174, 156, 155, 149, 143, 141, 118, 108, 105]
32 : 90 => 13 | [89424, 532, 484, 467, 414, 223, 206, 200, 196, 174, 151, 124, 119]
07 : 92 => 17 | [88957, 415, 414, 373, 276, 246, 192, 169, 167, 167, 155, 137, 121, 106, 94, 93, 91]
39 : 78 => 10 | [106902, 700, 663, 570, 521, 367, 129, 128, 120, 108]
06 : 97 => 14 | [90959, 989, 725, 473, 330, 313, 258, 235, 209, 183, 155, 142, 110, 105]
21 : 40 => 12 | [89379, 279, 251, 237, 235, 229, 166, 153, 120, 117, 117, 106]
09 : 49 => 15 | [88960, 1144, 613, 417, 296, 230, 226, 171, 154, 150, 147, 131, 127, 125, 100]
25 : 100 => 10 | [94973, 317, 250, 231, 228, 130, 118, 115, 98, 97]
30 : 106 => 18 | [84428, 710, 666, 578, 537, 287, 225, 181, 146, 133, 123, 121, 106, 104, 99, 96, 91, 88]
17 : 69 => 14 | [89315, 1160, 617, 350, 209, 207, 166, 165, 154, 141, 132, 127, 109, 101]
31 : 97 => 14 | [71235, 410, 375, 325, 313, 162, 159, 127, 115, 114, 113, 111, 94, 91]
01 : 66 => 9 | [109771, 616, 517, 434, 412, 136, 122, 119, 111]
36 : 72 => 14 | [108915, 678, 496, 330, 291, 276, 245, 229, 228, 221, 197, 179, 167, 158]
20 : 83 => 16 | [97752, 1975, 393, 319, 216, 200, 200, 176, 147, 133, 131, 113, 110, 103, 103, 98]
02 : 69 => 12 | [109574, 1480, 553, 291, 227, 220, 203, 147, 145, 128, 127, 115]
05 : 72 => 13 | [92426, 344, 248, 225, 223, 218, 179, 164, 144, 129, 109, 108, 105]
37 : 83 => 9 | [100610, 314, 265, 206, 161, 127, 122, 109, 107]
29 : 96 => 10 | [90674, 379, 284, 234, 161, 148, 135, 135, 104, 93]
24 : 51 => 7 | [116768, 258, 202, 148, 143, 128, 117]
35 : 63 => 8 | [101504, 370, 298, 232, 215, 137, 126, 125]
26 : 97 => 15 | [87228, 1196, 981, 502, 260, 258, 204, 192, 181, 137, 131, 106, 104, 92, 90]
19 : 61 => 8 | [109213, 665, 280, 270, 182, 167, 151, 116]
03 : 113 => 18 | [99114, 1015, 524, 397, 379, 221, 209, 208, 182, 178, 163, 154, 150, 150, 136, 130, 117, 102]
27 : 83 => 15 | [97488, 850, 469, 296, 282, 221, 160, 151, 136, 114, 108, 105, 103, 101, 98]
04 : 78 => 10 | [93451, 613, 264, 254, 207, 154, 141, 129, 103, 96]
/_predsToRemove/DRIVE_RETA/0_c0001/ ==> /data/DRIVE_RETA/targetVessels/1024x1024/all/
colorMode : Grayscale
daMode : ['noDA']
imageToTensor length: 40
('imgName', 'TP', 'FP', 'TN', 'FN', 'DICE')
('01.tif', 89441, 14390, 921948, 22797, 0.8278929416066164)
('02.tif', 99826, 19886, 915480, 13384, 0.8571624835781936)
('03.tif', 86136, 20060, 924987, 17393, 0.8214185242579568)
('04.tif', 83283, 20629, 932535, 12129, 0.8356545122514097)
('05.tif', 79978, 16365, 937589, 14644, 0.8376194590631791)
('06.tif', 83458, 28014, 925376, 11728, 0.8076919354682616)
('07.tif', 72195, 12999, 943404, 19978, 0.8140747715189409)
('08.tif', 67426, 12423, 945733, 22994, 0.791993845033447)
('09.tif', 81553, 13083, 942502, 11438, 0.8693098541254723)
('10.tif', 77086, 8432, 949584, 13474, 0.8755892275014482)
('11.tif', 86378, 13366, 934616, 14216, 0.8623226746797912)
('12.tif', 84908, 10729, 937747, 15192, 0.8675723036523498)
('13.tif', 101799, 18110, 916126, 12541, 0.8691520561453837)
('14.tif', 80365, 9196, 942262, 16753, 0.8609966841476545)
('15.tif', 77158, 10563, 947593, 13262, 0.866257627385049)
('16.tif', 88045, 13519, 933156, 13856, 0.8654559752291549)
('17.tif', 77971, 10930, 944693, 14982, 0.8575120701221859)
('18.tif', 93147, 15631, 929414, 10384, 0.8774663344464907)
('19.tif', 100032, 18792, 918740, 11012, 0.8703429794490751)
('20.tif', 90087, 20007, 926400, 12082, 0.8488243358475099)
('21.tif', 78219, 10954, 946233, 13170, 0.8663949225196885)
('22.tif', 85261, 21767, 928417, 13131, 0.8301139129588161)
('23.tif', 66691, 11294, 961940, 8651, 0.8699185401136134)
('24.tif', 106790, 31097, 899715, 10974, 0.8354358089739528)
('25.tif', 86021, 27220, 924799, 10536, 0.8200364159810866)
('26.tif', 78815, 19848, 937066, 12847, 0.8282148955733614)
('27.tif', 85244, 20619, 927275, 15438, 0.8254278728606357)
('28.tif', 92334, 24550, 918185, 13507, 0.8291300931642159)
('29.tif', 77744, 21941, 934288, 14603, 0.8096983836027328)
('30.tif', 73375, 20515, 939342, 15344, 0.8036296129982641)
('31.tif', 59437, 12251, 962581, 14307, 0.8173854447439353)
('32.tif', 77434, 18618, 937244, 15280, 0.8204231694266976)
('33.tif', 78034, 18274, 937945, 14323, 0.827222855325577)
('34.tif', 50974, 8666, 971478, 17458, 0.7960209881941408)
('35.tif', 87898, 15935, 929634, 15109, 0.8499129762134984)
('36.tif', 100388, 27375, 908591, 12222, 0.8352685201748948)
('37.tif', 87522, 16851, 929704, 14499, 0.848106049594465)
('38.tif', 89322, 13519, 924200, 21535, 0.8359647727166375)
('39.tif', 86967, 15950, 922418, 23241, 0.8161126099706745)
('40.tif', 78076, 12496, 934569, 23435, 0.8129402393756866)
('meanDice', 0.839)
/_predsToRemove/DRIVE_RETA/1/ ==> /_predsToRemove/DRIVE_RETA/1_c0001/
18 : 74 => 12 | [100671, 541, 434, 341, 195, 182, 168, 167, 159, 156, 144, 103]
33 : 81 => 11 | [91407, 637, 356, 261, 260, 177, 144, 133, 126, 107, 94]
08 : 134 => 16 | [81391, 1586, 1457, 504, 425, 206, 202, 202, 184, 183, 165, 156, 118, 108, 88, 86]
15 : 75 => 10 | [85700, 1143, 337, 334, 216, 168, 155, 108, 98, 87]
34 : 178 => 28 | [59347, 897, 769, 509, 379, 352, 344, 303, 187, 162, 151, 133, 119, 117, 108, 99, 90, 88, 88, 86, 86, 83, 80, 80, 77, 72, 72, 63]
13 : 62 => 13 | [108055, 391, 275, 255, 252, 233, 198, 139, 136, 131, 126, 118, 114]
12 : 62 => 12 | [51061, 47683, 1013, 218, 135, 121, 106, 77, 70, 59, 59, 52]
38 : 78 => 10 | [103953, 894, 491, 288, 208, 162, 137, 118, 111, 104]
11 : 73 => 12 | [99142, 512, 482, 272, 263, 171, 163, 152, 148, 115, 104, 102]
10 : 67 => 15 | [87812, 547, 518, 318, 249, 242, 210, 192, 171, 158, 143, 108, 105, 103, 93]
14 : 72 => 10 | [95277, 283, 223, 214, 149, 149, 102, 99, 98, 96]
23 : 78 => 4 | [71706, 811, 306, 105]
16 : 68 => 9 | [100383, 212, 161, 156, 141, 138, 115, 112, 108]
22 : 81 => 15 | [93662, 501, 332, 308, 292, 246, 224, 205, 198, 144, 141, 136, 135, 132, 106]
28 : 94 => 16 | [100377, 1896, 1042, 258, 229, 193, 178, 177, 163, 156, 141, 139, 127, 125, 125, 119]
40 : 111 => 11 | [99006, 591, 305, 209, 203, 177, 171, 121, 108, 107, 101]
32 : 94 => 17 | [91301, 479, 392, 266, 256, 233, 223, 217, 212, 181, 148, 122, 117, 115, 111, 102, 98]
07 : 130 => 12 | [87139, 1763, 401, 256, 211, 205, 156, 150, 112, 105, 96, 89]
39 : 87 => 10 | [106465, 795, 226, 136, 125, 123, 118, 111, 109, 109]
06 : 85 => 13 | [88698, 1435, 919, 505, 428, 351, 288, 165, 139, 105, 102, 96, 94]
21 : 70 => 13 | [87138, 1898, 1289, 274, 226, 207, 169, 159, 150, 148, 128, 111, 94]
09 : 50 => 14 | [87978, 1028, 532, 410, 300, 237, 190, 139, 138, 120, 112, 109, 100, 88]
25 : 121 => 9 | [90594, 2294, 250, 200, 199, 136, 106, 100, 98]
30 : 116 => 17 | [83537, 812, 282, 201, 197, 186, 131, 124, 122, 112, 108, 105, 100, 90, 90, 85, 85]
17 : 79 => 10 | [89999, 1185, 423, 276, 247, 118, 115, 111, 109, 90]
31 : 136 => 12 | [69955, 367, 343, 324, 296, 268, 171, 171, 170, 150, 128, 77]
01 : 91 => 6 | [108974, 1209, 540, 227, 146, 113]
36 : 98 => 18 | [102361, 1781, 900, 491, 427, 286, 275, 267, 252, 246, 211, 200, 176, 170, 143, 115, 109, 105]
20 : 88 => 10 | [100663, 327, 281, 177, 144, 138, 135, 131, 105, 102]
02 : 85 => 7 | [108430, 474, 356, 287, 143, 137, 113]
05 : 89 => 11 | [91958, 520, 339, 330, 318, 264, 211, 200, 185, 132, 128]
37 : 104 => 13 | [98164, 403, 305, 289, 266, 150, 144, 132, 131, 127, 112, 108, 107]
29 : 137 => 14 | [89701, 432, 390, 289, 181, 154, 144, 136, 121, 121, 115, 97, 95, 92]
24 : 52 => 11 | [112099, 292, 238, 184, 159, 150, 136, 135, 133, 132, 116]
35 : 88 => 12 | [100267, 376, 368, 338, 259, 242, 180, 164, 134, 128, 121, 107]
26 : 137 => 13 | [84308, 972, 647, 580, 570, 542, 476, 222, 190, 189, 168, 128, 92]
19 : 78 => 9 | [107499, 622, 300, 259, 216, 210, 146, 112, 108]
03 : 148 => 19 | [98050, 2908, 1112, 850, 413, 408, 338, 254, 242, 187, 163, 152, 149, 138, 138, 112, 109, 109, 101]
27 : 95 => 16 | [95411, 1025, 420, 254, 237, 192, 189, 167, 136, 132, 129, 122, 113, 111, 103, 100]
04 : 77 => 7 | [91409, 592, 212, 133, 124, 114, 95]
/_predsToRemove/DRIVE_RETA/1_c0001/ ==> /data/DRIVE_RETA/targetVessels/1024x1024/all/
colorMode : Grayscale
daMode : ['noDA']
imageToTensor length: 40
('imgName', 'TP', 'FP', 'TN', 'FN', 'DICE')
('01.tif', 89100, 14731, 922636, 22109, 0.8286830357142857)
('02.tif', 97705, 22007, 916629, 12235, 0.8508961385052166)
('03.tif', 86586, 19610, 923033, 19347, 0.8163523139221889)
('04.tif', 81830, 22082, 933815, 10849, 0.8324897884440284)
('05.tif', 79635, 16708, 937283, 14950, 0.8341888041565407)
('06.tif', 82222, 29250, 926001, 11103, 0.8029609808737432)
('07.tif', 71451, 13743, 944150, 19232, 0.812511016221564)
('08.tif', 65880, 13969, 947546, 21181, 0.7894074651009526)
('09.tif', 80422, 14214, 942881, 11059, 0.8642090727875477)
('10.tif', 77072, 8446, 949161, 13897, 0.8734014403327157)
('11.tif', 86037, 13707, 933243, 15589, 0.8545165615533595)
('12.tif', 84386, 11251, 936671, 16268, 0.8598050853070187)
('13.tif', 98721, 21188, 916965, 11702, 0.8572061198617648)
('14.tif', 79851, 9710, 942176, 16839, 0.8574557988950395)
('15.tif', 76084, 11637, 948593, 12262, 0.8642619002993178)
('16.tif', 87244, 14320, 932730, 14282, 0.8591658870451524)
('17.tif', 77335, 11566, 944337, 15338, 0.8518290063555355)
('18.tif', 92329, 16449, 928866, 10932, 0.8708680950202558)
('19.tif', 98612, 20212, 918892, 10860, 0.8638959946735817)
('20.tif', 89265, 20829, 925544, 12938, 0.8409445258293805)
('21.tif', 77638, 11535, 945050, 14353, 0.8571018524651697)
('22.tif', 83478, 23550, 928264, 13284, 0.8192551155601354)
('23.tif', 64491, 13494, 962154, 8437, 0.8546778607542094)
('24.tif', 103471, 34416, 900386, 10303, 0.8223046081832306)
('25.tif', 83729, 29512, 925087, 10248, 0.8081247768051038)
('26.tif', 77010, 21653, 937839, 12074, 0.8203593133312383)
('27.tif', 83388, 22475, 927260, 15453, 0.8147178364858527)
('28.tif', 91177, 25707, 917424, 14268, 0.8201988944312258)
('29.tif', 76992, 22693, 933815, 15076, 0.8030330685830208)
('30.tif', 71863, 22027, 940182, 14504, 0.7973393543662659)
('31.tif', 58289, 13399, 962757, 14131, 0.8089627224026424)
('32.tif', 77659, 18393, 935610, 16914, 0.8147829508196721)
('33.tif', 77879, 18429, 936445, 15823, 0.8197358033787695)
('34.tif', 50360, 9280, 974355, 14581, 0.8084699914112103)
('35.tif', 87758, 16075, 929817, 14926, 0.8498864500259059)
('36.tif', 97897, 29866, 910195, 10618, 0.8286594604660612)
('37.tif', 86592, 17781, 930357, 13846, 0.8455795831278593)
('38.tif', 87450, 15391, 926719, 19016, 0.8356146712723416)
('39.tif', 86536, 16381, 923878, 21781, 0.8193377959987502)
('40.tif', 77969, 12603, 934874, 23130, 0.813571171434385)
('meanDice', 0.834)
/_predsToRemove/DRIVE_RETA/2/ ==> /_predsToRemove/DRIVE_RETA/2_c0001/
18 : 72 => 17 | [98620, 312, 280, 226, 174, 173, 151, 149, 146, 135, 122, 113, 111, 108, 108, 107, 101]
33 : 85 => 19 | [85962, 614, 571, 499, 495, 455, 243, 234, 191, 188, 188, 166, 126, 124, 118, 112, 105, 94, 94]
08 : 171 => 22 | [76267, 1179, 471, 456, 445, 377, 368, 273, 260, 232, 221, 205, 179, 157, 154, 141, 131, 112, 101, 97, 95, 90]
15 : 50 => 13 | [79139, 1370, 470, 373, 316, 298, 287, 272, 185, 169, 165, 120, 107]
34 : 157 => 18 | [52788, 748, 573, 551, 321, 272, 265, 174, 156, 142, 120, 112, 108, 107, 91, 88, 79, 54]
13 : 73 => 15 | [100627, 2027, 531, 451, 395, 274, 233, 227, 206, 179, 150, 140, 123, 122, 109]
12 : 67 => 8 | [93232, 834, 725, 178, 173, 134, 127, 102]
38 : 83 => 8 | [101363, 522, 469, 166, 148, 123, 109, 102]
11 : 83 => 17 | [92918, 464, 386, 373, 359, 259, 197, 182, 141, 137, 132, 124, 124, 123, 120, 109, 106]
10 : 69 => 13 | [84779, 569, 395, 254, 229, 184, 174, 163, 138, 120, 107, 93, 91]
14 : 78 => 8 | [90052, 412, 160, 140, 137, 98, 95, 92]
23 : 197 => 5 | [66514, 1431, 1276, 412, 195]
16 : 73 => 13 | [94775, 485, 402, 324, 301, 284, 167, 161, 160, 122, 116, 95, 95]
22 : 89 => 28 | [87326, 617, 436, 365, 360, 344, 269, 245, 216, 199, 198, 164, 148, 147, 142, 140, 137, 129, 118, 110, 108, 106, 105, 103, 92, 91, 90, 90]
28 : 93 => 17 | [94703, 1194, 1129, 911, 333, 264, 244, 240, 195, 166, 157, 154, 152, 106, 100, 96, 95]
40 : 90 => 11 | [95832, 644, 290, 251, 214, 179, 169, 165, 156, 153, 109]
32 : 99 => 20 | [85132, 730, 423, 382, 317, 298, 275, 223, 206, 196, 192, 173, 161, 132, 119, 117, 115, 96, 91, 86]
07 : 90 => 7 | [85031, 208, 202, 166, 124, 121, 87]
39 : 88 => 9 | [100296, 611, 534, 497, 322, 220, 142, 136, 112]
06 : 117 => 21 | [83345, 1498, 1142, 522, 508, 471, 352, 254, 232, 225, 213, 183, 176, 171, 153, 148, 137, 135, 102, 99, 86]
21 : 60 => 9 | [85634, 1256, 1207, 161, 143, 134, 115, 106, 86]
09 : 64 => 16 | [84811, 1017, 639, 343, 300, 199, 196, 178, 152, 138, 132, 115, 108, 102, 92, 87]
25 : 94 => 11 | [86368, 1104, 264, 253, 243, 234, 150, 146, 136, 112, 108]
30 : 136 => 26 | [74146, 741, 674, 478, 404, 334, 298, 294, 286, 216, 200, 173, 170, 147, 143, 139, 131, 125, 121, 118, 115, 107, 106, 105, 98, 91]
17 : 131 => 12 | [87001, 770, 379, 215, 164, 142, 129, 123, 108, 105, 97, 91]
31 : 126 => 18 | [64973, 328, 267, 205, 196, 173, 135, 112, 111, 110, 109, 106, 106, 82, 81, 80, 76, 66]
01 : 93 => 9 | [103161, 943, 912, 325, 240, 177, 155, 134, 134]
36 : 59 => 14 | [101574, 1838, 1033, 516, 224, 223, 215, 186, 173, 165, 146, 125, 121, 106]
20 : 107 => 17 | [93760, 2016, 383, 315, 276, 204, 199, 166, 121, 121, 118, 114, 111, 102, 99, 99, 94]
02 : 92 => 9 | [104201, 1224, 287, 287, 201, 196, 167, 126, 119]
05 : 100 => 15 | [88438, 361, 248, 224, 212, 212, 172, 160, 133, 123, 103, 101, 100, 98, 93]
37 : 88 => 12 | [96219, 422, 248, 243, 215, 154, 151, 134, 119, 106, 102, 101]
29 : 123 => 15 | [84627, 432, 300, 270, 195, 133, 128, 124, 124, 116, 107, 100, 99, 89, 87]
24 : 65 => 11 | [105839, 479, 236, 216, 191, 183, 160, 137, 125, 122, 110]
35 : 52 => 10 | [98229, 335, 272, 258, 252, 199, 141, 117, 112, 103]
26 : 101 => 19 | [78473, 2107, 609, 577, 486, 392, 326, 224, 200, 175, 149, 132, 122, 121, 121, 99, 96, 94, 81]
19 : 65 => 12 | [104191, 633, 462, 287, 287, 218, 189, 161, 139, 112, 111, 107]
03 : 131 => 21 | [92585, 857, 828, 799, 692, 566, 289, 276, 199, 185, 169, 156, 153, 140, 125, 122, 122, 115, 103, 98, 93]
27 : 74 => 20 | [89001, 662, 619, 587, 566, 285, 251, 238, 211, 206, 176, 169, 168, 138, 135, 116, 115, 111, 101, 96]
04 : 76 => 7 | [87298, 778, 742, 636, 416, 278, 121]
/_predsToRemove/DRIVE_RETA/2_c0001/ ==> /data/DRIVE_RETA/targetVessels/1024x1024/all/
colorMode : Grayscale
daMode : ['noDA']
imageToTensor length: 40
('imgName', 'TP', 'FP', 'TN', 'FN', 'DICE')
('01.tif', 86831, 17000, 925395, 19350, 0.8269146524960479)
('02.tif', 96235, 23477, 918291, 10573, 0.849682147271764)
('03.tif', 83285, 22911, 926993, 15387, 0.8130601167581076)
('04.tif', 80659, 23253, 935054, 9610, 0.8307609910341383)
('05.tif', 77934, 18409, 939389, 12844, 0.8329797296936207)
('06.tif', 80190, 31282, 927142, 9962, 0.7954410189263182)
('07.tif', 69776, 15418, 947219, 16163, 0.8154593211128187)
('08.tif', 63461, 16388, 950177, 18550, 0.7841467935252687)
('09.tif', 78976, 15660, 944307, 9633, 0.8619716772626811)
('10.tif', 75081, 10437, 950843, 12215, 0.8689226567292002)
('11.tif', 83896, 15848, 936474, 12358, 0.8560903682690639)
('12.tif', 82203, 13434, 939637, 13302, 0.860124933295665)
('13.tif', 96442, 23467, 919315, 9352, 0.8545920966934423)
('14.tif', 77235, 12326, 945064, 13951, 0.8546199936928414)
('15.tif', 73323, 14398, 950907, 9948, 0.857619069898007)
('16.tif', 85589, 15975, 935114, 11898, 0.8599705603086646)
('17.tif', 75625, 13276, 945976, 13699, 0.848646373965493)
('18.tif', 91297, 17481, 929959, 9839, 0.8698514629800775)
('19.tif', 97148, 21676, 920003, 9749, 0.8607794578262545)
('20.tif', 87651, 22443, 927835, 10647, 0.8412127144995969)
('21.tif', 76419, 12754, 946980, 12423, 0.8585680981939724)
('22.tif', 81331, 25697, 930284, 11264, 0.8148459846811239)
('23.tif', 62408, 15577, 963171, 7420, 0.8444182852658426)
('24.tif', 100504, 37383, 903395, 7294, 0.818153326413904)
('25.tif', 81431, 31810, 927648, 7687, 0.8048171813460236)
('26.tif', 75045, 23618, 940374, 9539, 0.8190584293330859)
('27.tif', 81371, 24492, 930133, 12580, 0.8144674547329016)
('28.tif', 88656, 28228, 920109, 11583, 0.8166431009151495)
('29.tif', 75005, 24680, 936965, 11926, 0.8038431860076306)
('30.tif', 68553, 25337, 943279, 11407, 0.7886453839516825)
('31.tif', 56193, 15495, 965765, 11123, 0.8085091076515784)
('32.tif', 75880, 20172, 938940, 13584, 0.8180426486125186)
('33.tif', 76952, 19356, 938641, 13627, 0.8235136740383227)
('34.tif', 47934, 11706, 980121, 8815, 0.8236860871731865)
('35.tif', 86690, 17143, 931415, 13328, 0.8505231762414704)
('36.tif', 97374, 30389, 911542, 9271, 0.830807822258626)
('37.tif', 85928, 18445, 931917, 12286, 0.8483071470528711)
('38.tif', 86091, 16750, 928824, 16911, 0.836472457163955)
('39.tif', 84295, 18622, 927084, 18575, 0.8192451418213978)
('40.tif', 76809, 13763, 936651, 21353, 0.8139391948456558)
('meanDice', 0.832)
