/_predsToRemove/DRIVE_RETA/0/ ==> /_predsToRemove/DRIVE_RETA/0_c00001/
18 : 63 => 42 | [102219, 302, 209, 169, 155, 135, 121, 113, 108, 98, 95, 90, 89, 87, 86, 83, 81, 62, 61, 58, 53, 53, 51, 45, 45, 45, 37, 36, 36, 32, 30, 29, 28, 28, 25, 23, 22, 18, 16, 15, 13, 13]
33 : 77 => 50 | [87353, 1005, 744, 597, 541, 471, 209, 197, 153, 142, 137, 135, 128, 124, 120, 108, 98, 95, 79, 77, 72, 72, 51, 51, 49, 49, 41, 41, 39, 39, 30, 29, 28, 24, 23, 23, 22, 21, 20, 19, 18, 17, 17, 15, 14, 13, 12, 11, 11, 10]
08 : 110 => 66 | [83075, 1532, 1495, 1315, 558, 523, 289, 245, 220, 197, 191, 155, 127, 118, 113, 92, 91, 84, 79, 79, 76, 73, 71, 71, 63, 55, 53, 51, 47, 38, 37, 35, 34, 33, 30, 28, 27, 27, 25, 24, 24, 23, 23, 20, 20, 20, 18, 17, 16, 15, 15, 15, 14, 14, 14, 13, 13, 12, 11, 11, 10, 10, 10, 10, 9, 9]
15 : 47 => 22 | [88583, 862, 252, 237, 177, 177, 132, 77, 68, 44, 39, 36, 31, 21, 21, 19, 17, 16, 16, 15, 14, 11]
34 : 192 => 101 | [60224, 1295, 1250, 832, 640, 431, 370, 312, 218, 197, 186, 166, 158, 156, 147, 146, 146, 127, 125, 120, 114, 107, 96, 87, 82, 76, 75, 74, 72, 72, 72, 69, 65, 63, 62, 60, 56, 52, 52, 51, 49, 44, 44, 42, 42, 42, 41, 41, 41, 37, 37, 36, 33, 33, 32, 30, 29, 29, 28, 27, 26, 25, 23, 23, 22, 22, 21, 20, 19, 18, 18, 18, 18, 17, 17, 15, 14, 13, 13, 13, 12, 12, 12, 11, 11, 11, 11, 11, 11, 10, 9, 8, 8, 8, 8, 8, 8, 7, 7, 7, 7]
13 : 50 => 28 | [111048, 545, 388, 286, 266, 261, 244, 214, 193, 187, 160, 146, 140, 132, 130, 103, 101, 98, 87, 56, 52, 52, 33, 31, 31, 29, 15, 13]
12 : 47 => 25 | [50569, 47625, 800, 212, 148, 143, 142, 109, 108, 89, 85, 70, 50, 46, 36, 35, 34, 20, 18, 14, 13, 9, 8, 7, 7]
38 : 63 => 34 | [109432, 533, 467, 172, 137, 116, 104, 102, 101, 93, 63, 57, 52, 52, 49, 36, 33, 30, 27, 23, 22, 22, 22, 22, 19, 19, 18, 18, 16, 16, 13, 12, 11, 11]
11 : 77 => 50 | [97764, 506, 420, 381, 363, 182, 172, 165, 155, 140, 128, 111, 107, 95, 93, 93, 89, 88, 85, 81, 76, 73, 66, 65, 61, 55, 52, 50, 45, 40, 38, 35, 28, 27, 26, 25, 22, 22, 21, 18, 17, 17, 15, 15, 14, 13, 13, 11, 11, 10]
10 : 61 => 42 | [87811, 782, 568, 278, 178, 175, 153, 130, 105, 102, 94, 94, 90, 86, 84, 84, 82, 80, 75, 72, 68, 60, 59, 56, 53, 38, 35, 34, 27, 26, 26, 25, 23, 22, 19, 16, 14, 13, 12, 12, 10, 9]
14 : 58 => 27 | [96064, 298, 218, 182, 147, 105, 104, 88, 78, 77, 75, 74, 72, 68, 46, 43, 34, 26, 23, 22, 16, 15, 15, 11, 11, 11, 10]
23 : 74 => 41 | [74315, 446, 180, 122, 104, 98, 77, 63, 52, 49, 44, 43, 42, 41, 39, 38, 34, 34, 33, 32, 31, 25, 24, 23, 21, 19, 19, 16, 16, 16, 16, 15, 15, 12, 11, 10, 10, 9, 9, 9, 8]
16 : 58 => 30 | [100557, 311, 268, 200, 137, 113, 108, 104, 103, 97, 97, 96, 96, 94, 89, 78, 76, 68, 67, 61, 49, 32, 31, 27, 21, 20, 17, 17, 15, 15]
22 : 69 => 51 | [93695, 757, 648, 358, 346, 324, 291, 273, 154, 148, 147, 145, 140, 125, 121, 111, 108, 103, 102, 101, 98, 97, 83, 83, 80, 71, 63, 47, 46, 45, 45, 45, 37, 35, 35, 30, 29, 28, 19, 19, 18, 17, 17, 16, 16, 15, 14, 13, 11, 10, 10]
28 : 75 => 51 | [101590, 1239, 955, 239, 229, 220, 210, 197, 175, 172, 142, 131, 123, 117, 102, 100, 99, 97, 89, 82, 81, 73, 66, 61, 58, 58, 49, 47, 47, 40, 37, 37, 34, 26, 23, 21, 21, 20, 20, 19, 18, 17, 17, 16, 15, 15, 15, 14, 14, 13, 11]
40 : 95 => 55 | [98907, 259, 236, 231, 229, 219, 181, 174, 156, 155, 149, 143, 141, 118, 108, 105, 95, 79, 70, 66, 65, 63, 62, 62, 59, 46, 41, 36, 34, 34, 34, 31, 30, 28, 28, 28, 26, 26, 23, 22, 20, 19, 19, 19, 18, 15, 14, 13, 13, 12, 11, 11, 11, 10, 10]
32 : 90 => 49 | [89424, 532, 484, 467, 414, 223, 206, 200, 196, 174, 151, 124, 119, 84, 82, 80, 80, 78, 78, 74, 64, 63, 61, 54, 53, 44, 39, 35, 33, 31, 27, 25, 25, 24, 24, 23, 22, 22, 21, 21, 20, 20, 20, 19, 17, 14, 11, 10, 10]
07 : 92 => 61 | [88957, 415, 414, 373, 276, 246, 192, 169, 167, 167, 155, 137, 121, 106, 94, 93, 91, 82, 82, 58, 56, 48, 48, 47, 45, 45, 39, 37, 35, 34, 29, 28, 27, 26, 25, 25, 22, 22, 20, 20, 20, 19, 18, 18, 17, 16, 16, 16, 15, 14, 14, 13, 13, 12, 11, 11, 10, 10, 10, 10, 9]
39 : 78 => 47 | [106902, 700, 663, 570, 521, 367, 129, 128, 120, 108, 95, 88, 88, 85, 82, 80, 80, 76, 73, 71, 63, 59, 57, 45, 42, 42, 38, 34, 32, 32, 31, 24, 23, 22, 21, 20, 20, 18, 18, 17, 16, 15, 13, 13, 12, 11, 11]
06 : 97 => 58 | [90959, 989, 725, 473, 330, 313, 258, 235, 209, 183, 155, 142, 110, 105, 80, 75, 72, 72, 65, 65, 65, 65, 61, 59, 58, 49, 49, 39, 39, 36, 35, 35, 32, 29, 29, 29, 28, 27, 27, 27, 25, 23, 21, 20, 19, 18, 16, 15, 15, 14, 14, 14, 12, 12, 11, 11, 11, 11]
21 : 40 => 25 | [89379, 279, 251, 237, 235, 229, 166, 153, 120, 117, 117, 106, 83, 71, 65, 56, 53, 39, 36, 34, 32, 17, 10, 10, 9]
09 : 49 => 35 | [88960, 1144, 613, 417, 296, 230, 226, 171, 154, 150, 147, 131, 127, 125, 100, 80, 79, 76, 70, 67, 65, 53, 53, 52, 48, 41, 22, 21, 19, 19, 17, 15, 13, 9, 9]
25 : 100 => 52 | [94973, 317, 250, 231, 228, 130, 118, 115, 98, 97, 93, 91, 77, 74, 69, 62, 55, 47, 47, 38, 33, 31, 31, 30, 26, 26, 25, 23, 22, 21, 21, 21, 20, 20, 18, 18, 18, 17, 16, 14, 14, 14, 13, 12, 12, 12, 11, 11, 10, 10, 10, 10]
30 : 106 => 62 | [84428, 710, 666, 578, 537, 287, 225, 181, 146, 133, 123, 121, 106, 104, 99, 96, 91, 88, 83, 74, 72, 68, 66, 61, 59, 52, 51, 47, 47, 46, 43, 42, 42, 30, 27, 25, 25, 24, 22, 21, 20, 18, 18, 18, 18, 15, 15, 15, 15, 15, 15, 14, 14, 13, 13, 11, 11, 10, 10, 10, 9, 9]
17 : 69 => 41 | [89315, 1160, 617, 350, 209, 207, 166, 165, 154, 141, 132, 127, 109, 101, 72, 69, 63, 62, 61, 59, 58, 41, 40, 39, 35, 27, 27, 26, 26, 24, 24, 24, 23, 23, 22, 14, 13, 11, 11, 10, 9]
31 : 97 => 47 | [71235, 410, 375, 325, 313, 162, 159, 127, 115, 114, 113, 111, 94, 91, 71, 61, 53, 49, 48, 47, 42, 32, 27, 26, 26, 23, 21, 20, 20, 19, 18, 17, 17, 16, 16, 14, 13, 13, 12, 12, 11, 11, 11, 8, 8, 8, 8]
01 : 66 => 45 | [109771, 616, 517, 434, 412, 136, 122, 119, 111, 90, 67, 64, 62, 56, 55, 52, 51, 50, 45, 40, 40, 39, 38, 38, 35, 33, 32, 31, 27, 26, 24, 23, 23, 22, 20, 17, 17, 15, 14, 14, 14, 13, 11, 11, 11]
36 : 72 => 48 | [108915, 678, 496, 330, 291, 276, 245, 229, 228, 221, 197, 179, 167, 158, 106, 98, 89, 85, 82, 81, 77, 76, 70, 61, 59, 56, 51, 42, 42, 39, 38, 38, 36, 32, 29, 26, 24, 23, 22, 22, 20, 19, 19, 15, 13, 12, 12, 11]
20 : 83 => 53 | [97752, 1975, 393, 319, 216, 200, 200, 176, 147, 133, 131, 113, 110, 103, 103, 98, 96, 90, 83, 81, 76, 72, 65, 65, 64, 63, 62, 60, 60, 57, 56, 54, 47, 45, 38, 37, 32, 32, 31, 31, 23, 21, 21, 19, 17, 16, 16, 15, 14, 12, 11, 10, 10]
02 : 69 => 43 | [109574, 1480, 553, 291, 227, 220, 203, 147, 145, 128, 127, 115, 109, 99, 98, 74, 68, 63, 62, 58, 55, 51, 49, 48, 43, 42, 42, 39, 37, 34, 34, 31, 27, 27, 24, 23, 19, 18, 16, 15, 14, 12, 11]
05 : 72 => 44 | [92426, 344, 248, 225, 223, 218, 179, 164, 144, 129, 109, 108, 105, 88, 85, 81, 79, 73, 60, 55, 51, 49, 49, 46, 39, 34, 33, 32, 24, 23, 21, 21, 18, 17, 17, 15, 14, 14, 13, 12, 12, 11, 11, 11]
37 : 83 => 43 | [100610, 314, 265, 206, 161, 127, 122, 109, 107, 91, 90, 78, 60, 57, 54, 50, 44, 39, 37, 36, 36, 36, 27, 27, 23, 22, 22, 21, 20, 16, 15, 15, 14, 14, 14, 14, 13, 12, 12, 11, 11, 11, 11]
29 : 96 => 51 | [90674, 379, 284, 234, 161, 148, 135, 135, 104, 93, 78, 76, 73, 72, 72, 68, 64, 54, 53, 49, 46, 45, 44, 39, 34, 30, 30, 29, 29, 28, 25, 25, 21, 18, 18, 16, 16, 16, 15, 15, 15, 15, 14, 14, 11, 10, 10, 10, 10, 10, 10]
24 : 51 => 30 | [116768, 258, 202, 148, 143, 128, 117, 97, 72, 54, 53, 48, 46, 41, 40, 40, 29, 27, 26, 25, 22, 20, 17, 17, 17, 16, 16, 15, 13, 12]
35 : 63 => 39 | [101504, 370, 298, 232, 215, 137, 126, 125, 93, 84, 78, 68, 68, 64, 61, 50, 48, 47, 46, 40, 38, 33, 32, 30, 30, 30, 29, 28, 26, 26, 23, 23, 22, 21, 19, 16, 13, 13, 11]
26 : 97 => 48 | [87228, 1196, 981, 502, 260, 258, 204, 192, 181, 137, 131, 106, 104, 92, 90, 84, 83, 80, 80, 70, 65, 58, 56, 55, 53, 51, 45, 37, 36, 33, 22, 22, 17, 17, 15, 15, 13, 12, 11, 10, 10, 10, 9, 9, 9, 9, 9, 9]
19 : 61 => 38 | [109213, 665, 280, 270, 182, 167, 151, 116, 109, 99, 93, 87, 77, 75, 68, 56, 56, 54, 52, 51, 39, 39, 38, 37, 27, 27, 26, 25, 24, 20, 19, 18, 17, 17, 17, 14, 13, 13]
03 : 113 => 61 | [99114, 1015, 524, 397, 379, 221, 209, 208, 182, 178, 163, 154, 150, 150, 136, 130, 117, 102, 99, 96, 95, 92, 70, 67, 59, 57, 55, 46, 40, 40, 39, 36, 36, 36, 33, 33, 33, 32, 32, 29, 28, 27, 26, 26, 26, 21, 18, 18, 16, 15, 14, 13, 12, 12, 11, 11, 11, 11, 11, 11, 10]
27 : 83 => 44 | [97488, 850, 469, 296, 282, 221, 160, 151, 136, 114, 108, 105, 103, 101, 98, 85, 83, 79, 78, 61, 59, 58, 54, 52, 49, 45, 44, 39, 35, 31, 30, 28, 26, 23, 20, 19, 18, 18, 18, 18, 14, 11, 10, 10]
04 : 78 => 41 | [93451, 613, 264, 254, 207, 154, 141, 129, 103, 96, 82, 77, 72, 67, 55, 55, 55, 53, 50, 49, 41, 37, 34, 32, 28, 24, 22, 17, 17, 16, 16, 16, 15, 15, 15, 13, 12, 12, 11, 10, 10]
/_predsToRemove/DRIVE_RETA/0_c00001/ ==> /data/DRIVE_RETA/targetVessels/1024x1024/all/
colorMode : Grayscale
daMode : ['noDA']
imageToTensor length: 40
('imgName', 'TP', 'FP', 'TN', 'FN', 'DICE')
('01.tif', 89901, 13930, 921188, 23557, 0.827478611434541)
('02.tif', 100406, 19306, 914718, 14146, 0.8572038384045351)
('03.tif', 86496, 19700, 923844, 18536, 0.8189823318878179)
('04.tif', 83719, 20193, 931943, 12721, 0.8357191343235905)
('05.tif', 80291, 16052, 936794, 15439, 0.8360467114066006)
('06.tif', 84319, 27153, 924708, 12396, 0.8100313660315005)
('07.tif', 72357, 12837, 942374, 21008, 0.8104548076546128)
('08.tif', 67659, 12190, 944524, 24203, 0.7880566766252599)
('09.tif', 82212, 12424, 942333, 11607, 0.8724841474091958)
('10.tif', 77990, 7528, 949268, 13790, 0.8797617570418166)
('11.tif', 87452, 12292, 934085, 14747, 0.8661057823247154)
('12.tif', 85073, 10564, 937615, 15324, 0.8679412754930267)
('13.tif', 102340, 17569, 915966, 12701, 0.87116407746329)
('14.tif', 80911, 8650, 941993, 17022, 0.8630782851717922)
('15.tif', 77235, 10486, 947225, 13630, 0.8649614191481975)
('16.tif', 88827, 12737, 932775, 14237, 0.8681803076802783)
('17.tif', 78494, 10407, 944303, 15372, 0.8589515612774735)
('18.tif', 94184, 14594, 928868, 10930, 0.8806687487143045)
('19.tif', 100912, 17912, 918313, 11439, 0.8730355791067373)
('20.tif', 91103, 18991, 925814, 12668, 0.8519673625885489)
('21.tif', 78467, 10706, 945966, 13437, 0.8666699801741801)
('22.tif', 85897, 21131, 928056, 13492, 0.8322667222176467)
('23.tif', 66793, 11192, 961164, 9427, 0.8662883823481728)
('24.tif', 107165, 30722, 899327, 11362, 0.8358747962279751)
('25.tif', 86531, 26710, 924066, 11269, 0.8200397079240527)
('26.tif', 79204, 19459, 936341, 13572, 0.8274593995998726)
('27.tif', 85852, 20011, 926768, 15945, 0.826851584320524)
('28.tif', 93081, 23803, 917462, 14230, 0.8303575012823659)
('29.tif', 78259, 21426, 933476, 15415, 0.8094683981609339)
('30.tif', 74045, 19845, 938679, 16007, 0.8050907351230279)
('31.tif', 59671, 12017, 962017, 14871, 0.8161252820898585)
('32.tif', 78105, 17947, 936507, 16017, 0.8214056600797165)
('33.tif', 78606, 17702, 937480, 14788, 0.8287313786886802)
('34.tif', 51026, 8614, 969950, 18986, 0.7871224508684787)
('35.tif', 88573, 15260, 929099, 15644, 0.8514587839461668)
('36.tif', 101447, 26316, 908125, 12688, 0.8387584849812731)
('37.tif', 88044, 16329, 929173, 15030, 0.8488336779996819)
('38.tif', 89808, 13033, 923623, 22112, 0.8363529691145041)
('39.tif', 87698, 15219, 921582, 24077, 0.8169656997000354)
('40.tif', 78356, 12216, 933546, 24458, 0.8103585574964062)
('meanDice', 0.839)
/_predsToRemove/DRIVE_RETA/1/ ==> /_predsToRemove/DRIVE_RETA/1_c00001/
18 : 74 => 41 | [100671, 541, 434, 341, 195, 182, 168, 167, 159, 156, 144, 103, 100, 98, 91, 77, 60, 58, 55, 52, 51, 50, 46, 42, 38, 29, 27, 25, 21, 16, 15, 15, 15, 14, 13, 12, 11, 11, 11, 11, 11]
33 : 81 => 45 | [91407, 637, 356, 261, 260, 177, 144, 133, 126, 107, 94, 90, 75, 61, 53, 49, 48, 43, 43, 42, 32, 30, 29, 28, 26, 26, 24, 23, 23, 20, 19, 17, 16, 15, 15, 14, 13, 12, 12, 12, 12, 11, 10, 10, 10]
08 : 134 => 77 | [81391, 1586, 1457, 504, 425, 206, 202, 202, 184, 183, 165, 156, 118, 108, 88, 86, 75, 72, 61, 60, 58, 57, 53, 50, 50, 46, 40, 39, 39, 38, 38, 37, 36, 36, 34, 32, 30, 29, 29, 28, 28, 28, 27, 27, 27, 26, 24, 24, 22, 21, 20, 18, 18, 18, 17, 17, 16, 16, 16, 16, 15, 15, 14, 14, 13, 13, 13, 13, 12, 12, 11, 11, 11, 11, 10, 10, 9]
15 : 75 => 37 | [85700, 1143, 337, 334, 216, 168, 155, 108, 98, 87, 55, 53, 43, 35, 34, 24, 20, 20, 19, 19, 16, 16, 16, 14, 13, 13, 12, 11, 10, 10, 10, 10, 10, 9, 9, 9, 9]
34 : 178 => 112 | [59347, 897, 769, 509, 379, 352, 344, 303, 187, 162, 151, 133, 119, 117, 108, 99, 90, 88, 88, 86, 86, 83, 80, 80, 77, 72, 72, 63, 58, 52, 47, 44, 42, 42, 40, 40, 31, 31, 30, 30, 29, 28, 28, 27, 26, 23, 23, 21, 21, 20, 20, 20, 20, 19, 19, 18, 18, 18, 18, 17, 16, 16, 15, 15, 14, 14, 14, 14, 14, 13, 13, 13, 13, 13, 12, 12, 12, 12, 12, 12, 11, 11, 11, 11, 10, 10, 10, 10, 9, 9, 9, 9, 8, 8, 8, 8, 8, 8, 8, 7, 7, 7, 7, 7, 7, 7, 7, 7, 6, 6, 6, 6]
13 : 62 => 36 | [108055, 391, 275, 255, 252, 233, 198, 139, 136, 131, 126, 118, 114, 107, 86, 81, 78, 78, 61, 60, 60, 52, 44, 43, 39, 37, 35, 30, 26, 22, 20, 19, 15, 13, 13, 11]
12 : 62 => 38 | [51061, 47683, 1013, 218, 135, 121, 106, 77, 70, 59, 59, 52, 50, 45, 36, 33, 24, 19, 17, 16, 15, 15, 15, 14, 12, 11, 10, 10, 10, 9, 8, 8, 8, 7, 7, 6, 6, 6]
38 : 78 => 35 | [103953, 894, 491, 288, 208, 162, 137, 118, 111, 104, 100, 96, 81, 79, 71, 58, 51, 42, 37, 32, 26, 25, 23, 20, 19, 18, 17, 17, 16, 15, 15, 15, 14, 12, 12]
11 : 73 => 44 | [99142, 512, 482, 272, 263, 171, 163, 152, 148, 115, 104, 102, 98, 85, 77, 75, 67, 65, 61, 59, 59, 57, 55, 47, 45, 43, 43, 41, 39, 39, 37, 30, 26, 22, 21, 20, 19, 17, 17, 15, 14, 14, 11, 10]
10 : 67 => 39 | [87812, 547, 518, 318, 249, 242, 210, 192, 171, 158, 143, 108, 105, 103, 93, 84, 79, 79, 76, 65, 64, 42, 41, 41, 38, 36, 33, 22, 20, 17, 17, 16, 15, 15, 13, 12, 12, 12, 11]
14 : 72 => 39 | [95277, 283, 223, 214, 149, 149, 102, 99, 98, 96, 84, 70, 69, 59, 53, 49, 46, 45, 36, 31, 30, 23, 21, 20, 20, 20, 18, 18, 17, 16, 15, 15, 14, 13, 12, 12, 12, 10, 10]
23 : 78 => 46 | [71706, 811, 306, 105, 70, 65, 56, 55, 46, 45, 43, 41, 35, 34, 33, 32, 32, 32, 31, 29, 24, 24, 23, 23, 21, 20, 19, 17, 15, 15, 15, 14, 12, 12, 12, 12, 11, 11, 11, 10, 10, 10, 8, 8, 8, 8]
16 : 68 => 39 | [100383, 212, 161, 156, 141, 138, 115, 112, 108, 94, 76, 71, 66, 48, 40, 38, 33, 32, 31, 31, 29, 29, 27, 23, 22, 22, 20, 19, 19, 19, 18, 17, 17, 15, 14, 14, 12, 12, 11]
22 : 81 => 48 | [93662, 501, 332, 308, 292, 246, 224, 205, 198, 144, 141, 136, 135, 132, 106, 89, 87, 81, 74, 67, 62, 61, 60, 53, 52, 50, 47, 45, 40, 37, 37, 35, 34, 34, 33, 32, 29, 28, 28, 27, 26, 15, 14, 14, 13, 13, 13, 11]
28 : 94 => 43 | [100377, 1896, 1042, 258, 229, 193, 178, 177, 163, 156, 141, 139, 127, 125, 125, 119, 100, 78, 69, 57, 57, 55, 55, 44, 44, 38, 34, 31, 27, 26, 26, 25, 24, 22, 21, 20, 17, 17, 16, 14, 14, 12, 11]
40 : 111 => 64 | [99006, 591, 305, 209, 203, 177, 171, 121, 108, 107, 101, 88, 85, 81, 78, 74, 69, 67, 65, 49, 47, 46, 44, 44, 42, 34, 30, 30, 29, 29, 28, 27, 27, 26, 26, 26, 25, 24, 24, 24, 21, 20, 19, 18, 17, 17, 17, 17, 16, 16, 16, 16, 15, 14, 14, 14, 14, 14, 13, 12, 12, 10, 10, 10]
32 : 94 => 53 | [91301, 479, 392, 266, 256, 233, 223, 217, 212, 181, 148, 122, 117, 115, 111, 102, 98, 82, 77, 74, 63, 63, 55, 52, 51, 44, 30, 27, 27, 25, 22, 21, 21, 20, 20, 20, 20, 19, 19, 17, 17, 17, 15, 14, 13, 13, 12, 12, 12, 11, 11, 11, 10]
07 : 130 => 78 | [87139, 1763, 401, 256, 211, 205, 156, 150, 112, 105, 96, 89, 86, 85, 85, 82, 78, 77, 75, 72, 71, 68, 68, 61, 55, 50, 49, 49, 44, 43, 42, 42, 40, 38, 38, 36, 35, 34, 32, 32, 32, 30, 28, 27, 24, 23, 23, 22, 22, 22, 21, 21, 20, 18, 18, 17, 17, 17, 16, 15, 15, 14, 14, 13, 13, 12, 12, 12, 11, 11, 11, 10, 10, 10, 10, 9, 9, 9]
39 : 87 => 52 | [106465, 795, 226, 136, 125, 123, 118, 111, 109, 109, 101, 100, 92, 82, 80, 75, 72, 71, 71, 69, 58, 52, 50, 49, 48, 40, 39, 38, 36, 35, 32, 32, 31, 24, 23, 22, 21, 18, 17, 17, 17, 16, 16, 14, 13, 13, 13, 12, 12, 11, 11, 11]
06 : 85 => 58 | [88698, 1435, 919, 505, 428, 351, 288, 165, 139, 105, 102, 96, 94, 86, 80, 72, 70, 68, 67, 67, 60, 53, 48, 47, 44, 44, 43, 40, 40, 34, 33, 29, 27, 26, 25, 23, 23, 21, 21, 20, 18, 17, 16, 15, 14, 13, 13, 13, 13, 12, 12, 12, 11, 11, 11, 10, 10, 9]
21 : 70 => 38 | [87138, 1898, 1289, 274, 226, 207, 169, 159, 150, 148, 128, 111, 94, 87, 66, 56, 36, 34, 32, 31, 25, 23, 21, 19, 19, 18, 17, 17, 16, 15, 14, 13, 13, 11, 10, 9, 9, 9]
09 : 50 => 34 | [87978, 1028, 532, 410, 300, 237, 190, 139, 138, 120, 112, 109, 100, 88, 83, 81, 80, 77, 61, 55, 52, 49, 46, 44, 31, 31, 26, 17, 14, 14, 13, 13, 12, 9]
25 : 121 => 59 | [90594, 2294, 250, 200, 199, 136, 106, 100, 98, 82, 82, 80, 76, 67, 67, 53, 53, 51, 49, 47, 41, 38, 36, 35, 32, 31, 30, 26, 26, 25, 23, 23, 22, 22, 21, 21, 20, 20, 19, 19, 17, 17, 17, 16, 14, 13, 12, 12, 12, 11, 11, 11, 11, 11, 11, 10, 10, 10, 10]
30 : 116 => 69 | [83537, 812, 282, 201, 197, 186, 131, 124, 122, 112, 108, 105, 100, 90, 90, 85, 85, 73, 70, 69, 68, 61, 61, 56, 54, 54, 53, 49, 48, 40, 35, 33, 29, 29, 29, 27, 26, 25, 25, 25, 25, 24, 23, 22, 21, 20, 20, 20, 19, 18, 18, 16, 14, 13, 13, 13, 13, 13, 12, 12, 12, 11, 11, 10, 10, 10, 9, 9, 9]
17 : 79 => 40 | [89999, 1185, 423, 276, 247, 118, 115, 111, 109, 90, 89, 89, 77, 68, 66, 64, 60, 59, 57, 49, 43, 33, 32, 32, 31, 26, 23, 21, 21, 19, 19, 18, 18, 17, 16, 12, 11, 10, 10, 9]
31 : 136 => 76 | [69955, 367, 343, 324, 296, 268, 171, 171, 170, 150, 128, 77, 52, 47, 44, 43, 42, 39, 36, 35, 35, 34, 33, 32, 32, 31, 29, 29, 28, 27, 25, 24, 23, 22, 22, 19, 19, 18, 18, 18, 18, 17, 17, 17, 16, 16, 15, 15, 15, 15, 15, 15, 14, 14, 14, 13, 13, 13, 12, 12, 12, 12, 11, 10, 9, 9, 9, 8, 8, 8, 7, 7, 7, 7, 7, 7]
01 : 91 => 47 | [108974, 1209, 540, 227, 146, 113, 108, 100, 80, 80, 64, 61, 60, 56, 51, 46, 43, 35, 35, 34, 31, 31, 30, 29, 28, 28, 25, 25, 24, 23, 21, 21, 16, 14, 13, 13, 13, 12, 12, 12, 12, 12, 12, 11, 11, 11, 11]
36 : 98 => 56 | [102361, 1781, 900, 491, 427, 286, 275, 267, 252, 246, 211, 200, 176, 170, 143, 115, 109, 105, 95, 92, 82, 74, 71, 63, 58, 48, 48, 48, 47, 46, 46, 43, 40, 38, 28, 24, 24, 22, 22, 21, 15, 15, 14, 14, 13, 13, 13, 13, 13, 12, 11, 11, 11, 11, 11, 11]
20 : 88 => 54 | [100663, 327, 281, 177, 144, 138, 135, 131, 105, 102, 100, 99, 92, 89, 87, 85, 74, 72, 71, 66, 53, 52, 45, 44, 40, 40, 39, 38, 35, 33, 32, 31, 30, 29, 27, 27, 27, 22, 19, 18, 17, 17, 17, 16, 15, 15, 14, 13, 13, 13, 13, 12, 12, 11]
02 : 85 => 59 | [108430, 474, 356, 287, 143, 137, 113, 101, 99, 98, 97, 93, 77, 75, 71, 68, 64, 64, 63, 58, 57, 57, 56, 55, 53, 53, 52, 48, 47, 46, 44, 39, 38, 37, 35, 35, 34, 32, 31, 29, 26, 25, 24, 23, 22, 20, 18, 15, 15, 14, 14, 14, 14, 13, 13, 12, 12, 11, 11]
05 : 89 => 46 | [91958, 520, 339, 330, 318, 264, 211, 200, 185, 132, 128, 91, 90, 86, 86, 84, 78, 52, 52, 51, 50, 48, 46, 44, 43, 38, 32, 32, 31, 30, 28, 27, 23, 19, 19, 17, 16, 16, 15, 15, 14, 12, 12, 11, 10, 10]
37 : 104 => 53 | [98164, 403, 305, 289, 266, 150, 144, 132, 131, 127, 112, 108, 107, 91, 69, 67, 64, 64, 52, 48, 43, 37, 34, 33, 30, 30, 29, 28, 26, 23, 23, 22, 21, 20, 18, 18, 17, 17, 16, 16, 16, 16, 14, 14, 13, 13, 13, 12, 12, 10, 10, 10, 10]
29 : 137 => 71 | [89701, 432, 390, 289, 181, 154, 144, 136, 121, 121, 115, 97, 95, 92, 84, 76, 75, 69, 62, 59, 54, 50, 50, 50, 46, 43, 40, 36, 35, 35, 32, 32, 32, 32, 29, 29, 28, 27, 26, 24, 23, 22, 22, 21, 20, 20, 20, 19, 18, 18, 17, 16, 16, 15, 14, 14, 14, 13, 13, 13, 12, 11, 11, 10, 10, 10, 10, 10, 10, 10, 9]
24 : 52 => 27 | [112099, 292, 238, 184, 159, 150, 136, 135, 133, 132, 116, 104, 83, 75, 73, 66, 60, 56, 46, 41, 34, 28, 27, 23, 20, 19, 14]
35 : 88 => 43 | [100267, 376, 368, 338, 259, 242, 180, 164, 134, 128, 121, 107, 77, 73, 64, 60, 59, 57, 53, 49, 40, 37, 37, 36, 29, 29, 28, 24, 23, 20, 19, 18, 17, 17, 17, 15, 14, 14, 14, 13, 13, 12, 11]
26 : 137 => 76 | [84308, 972, 647, 580, 570, 542, 476, 222, 190, 189, 168, 128, 92, 81, 78, 73, 71, 69, 60, 53, 50, 50, 49, 47, 47, 43, 40, 40, 39, 36, 36, 35, 35, 34, 31, 28, 27, 26, 26, 24, 23, 23, 22, 20, 20, 19, 19, 18, 18, 18, 17, 17, 15, 15, 15, 15, 15, 15, 15, 14, 14, 13, 13, 12, 12, 12, 12, 11, 11, 10, 10, 10, 10, 10, 9, 9]
19 : 78 => 30 | [107499, 622, 300, 259, 216, 210, 146, 112, 108, 95, 82, 81, 75, 65, 63, 51, 47, 40, 32, 28, 25, 22, 22, 18, 16, 15, 15, 13, 11, 11]
03 : 148 => 77 | [98050, 2908, 1112, 850, 413, 408, 338, 254, 242, 187, 163, 152, 149, 138, 138, 112, 109, 109, 101, 97, 97, 95, 84, 77, 77, 75, 75, 72, 62, 58, 54, 53, 45, 43, 41, 41, 40, 39, 38, 37, 34, 33, 33, 32, 28, 27, 26, 26, 24, 23, 23, 23, 22, 22, 21, 19, 19, 18, 17, 16, 16, 15, 15, 15, 14, 14, 13, 12, 12, 12, 11, 11, 11, 11, 11, 11, 10]
27 : 95 => 56 | [95411, 1025, 420, 254, 237, 192, 189, 167, 136, 132, 129, 122, 113, 111, 103, 100, 92, 87, 86, 84, 70, 64, 59, 57, 51, 46, 43, 38, 35, 32, 30, 30, 27, 25, 25, 25, 22, 21, 21, 20, 20, 17, 16, 15, 14, 14, 13, 13, 12, 12, 12, 11, 11, 11, 10, 10]
04 : 77 => 43 | [91409, 592, 212, 133, 124, 114, 95, 91, 81, 79, 72, 62, 54, 52, 45, 43, 43, 38, 38, 38, 35, 32, 31, 30, 26, 24, 23, 23, 21, 19, 19, 16, 14, 13, 13, 12, 11, 11, 11, 11, 10, 10, 10]
/_predsToRemove/DRIVE_RETA/1_c00001/ ==> /data/DRIVE_RETA/targetVessels/1024x1024/all/
colorMode : Grayscale
daMode : ['noDA']
imageToTensor length: 40
('imgName', 'TP', 'FP', 'TN', 'FN', 'DICE')
('01.tif', 89478, 14353, 921660, 23085, 0.8269915062339991)
('02.tif', 98623, 21089, 915325, 13539, 0.8506602723893149)
('03.tif', 87073, 19123, 921520, 20860, 0.8132761092612397)
('04.tif', 82214, 21698, 933038, 11626, 0.8314859015332335)
('05.tif', 79923, 16420, 936243, 15990, 0.8314226864181092)
('06.tif', 83128, 28344, 925466, 11638, 0.8061365994627566)
('07.tif', 71839, 13355, 942333, 21049, 0.806808099639492)
('08.tif', 66156, 13693, 946122, 22605, 0.7847221398493565)
('09.tif', 81032, 13604, 942683, 11257, 0.86700013374348)
('10.tif', 77554, 7964, 948783, 14275, 0.8746017694125077)
('11.tif', 86794, 12950, 932672, 16160, 0.8563873348528352)
('12.tif', 84553, 11084, 936421, 16518, 0.859680338369563)
('13.tif', 99445, 20464, 916659, 12008, 0.8596485161781104)
('14.tif', 80216, 9345, 941683, 17332, 0.8574253509986158)
('15.tif', 76297, 11424, 948287, 12568, 0.8641341895733523)
('16.tif', 87837, 13727, 932404, 14608, 0.8611090687175565)
('17.tif', 77945, 10956, 943848, 15827, 0.8533828206686265)
('18.tif', 92990, 15788, 928452, 11346, 0.8726784725545952)
('19.tif', 99135, 19689, 918588, 11164, 0.8653430690066034)
('20.tif', 90218, 19876, 924783, 13699, 0.8431155407899594)
('21.tif', 77938, 11235, 944730, 14673, 0.857479206090745)
('22.tif', 84277, 22751, 927722, 13826, 0.8216895544798202)
('23.tif', 64918, 13067, 961529, 9062, 0.8543809429802915)
('24.tif', 103942, 33945, 900088, 10601, 0.8235312759973061)
('25.tif', 84333, 28908, 924218, 11117, 0.808209266331562)
('26.tif', 77570, 21093, 936640, 13273, 0.8186548183170982)
('27.tif', 83950, 21913, 926521, 16192, 0.8150287614378292)
('28.tif', 91543, 25341, 916836, 14856, 0.8199728595549146)
('29.tif', 77472, 22213, 932679, 16212, 0.8012866591852882)
('30.tif', 72423, 21467, 939263, 15423, 0.797013249988995)
('31.tif', 58512, 13176, 961690, 15198, 0.80485288655965)
('32.tif', 78076, 17976, 934990, 17534, 0.814725923761622)
('33.tif', 78222, 18086, 935825, 16443, 0.8191943363721573)
('34.tif', 50402, 9238, 972945, 15991, 0.7998222687708775)
('35.tif', 88084, 15749, 929154, 15589, 0.8489778608811311)
('36.tif', 98493, 29270, 909510, 11303, 0.8292087439330861)
('37.tif', 86884, 17489, 929530, 14673, 0.8438207157772059)
('38.tif', 87770, 15071, 926128, 19607, 0.8350379130236231)
('39.tif', 87028, 15889, 922716, 22943, 0.8175942279508474)
('40.tif', 78343, 12229, 933598, 24406, 0.8104965316752966)
('meanDice', 0.833)
/_predsToRemove/DRIVE_RETA/2/ ==> /_predsToRemove/DRIVE_RETA/2_c00001/
18 : 72 => 49 | [98620, 312, 280, 226, 174, 173, 151, 149, 146, 135, 122, 113, 111, 108, 108, 107, 101, 85, 74, 63, 58, 57, 50, 50, 47, 46, 38, 36, 34, 28, 28, 21, 21, 20, 19, 18, 18, 18, 17, 17, 16, 15, 14, 13, 10, 10, 10, 10, 10]
33 : 85 => 49 | [85962, 614, 571, 499, 495, 455, 243, 234, 191, 188, 188, 166, 126, 124, 118, 112, 105, 94, 94, 78, 71, 70, 64, 62, 59, 58, 54, 49, 44, 44, 36, 33, 32, 29, 29, 26, 25, 24, 19, 19, 17, 15, 13, 13, 12, 10, 10, 10, 9]
08 : 171 => 80 | [76267, 1179, 471, 456, 445, 377, 368, 273, 260, 232, 221, 205, 179, 157, 154, 141, 131, 112, 101, 97, 95, 90, 74, 73, 73, 65, 64, 63, 62, 60, 58, 57, 53, 53, 52, 51, 48, 48, 46, 44, 40, 39, 37, 36, 34, 31, 30, 28, 27, 27, 26, 25, 19, 19, 17, 17, 16, 16, 15, 15, 14, 14, 13, 13, 12, 12, 11, 11, 11, 11, 10, 10, 10, 10, 9, 9, 9, 9, 8, 8]
15 : 50 => 29 | [79139, 1370, 470, 373, 316, 298, 287, 272, 185, 169, 165, 120, 107, 77, 66, 61, 40, 27, 24, 23, 19, 18, 16, 13, 12, 11, 11, 10, 10]
34 : 157 => 64 | [52788, 748, 573, 551, 321, 272, 265, 174, 156, 142, 120, 112, 108, 107, 91, 88, 79, 54, 51, 37, 35, 33, 31, 27, 27, 22, 22, 22, 21, 19, 19, 19, 19, 18, 18, 17, 16, 14, 14, 13, 13, 12, 11, 11, 11, 11, 10, 9, 9, 9, 7, 7, 7, 7, 7, 7, 7, 7, 7, 6, 6, 6, 6, 6]
13 : 73 => 40 | [100627, 2027, 531, 451, 395, 274, 233, 227, 206, 179, 150, 140, 123, 122, 109, 96, 73, 72, 70, 68, 67, 56, 54, 46, 42, 35, 34, 33, 28, 27, 26, 22, 22, 18, 15, 13, 12, 12, 12, 11]
12 : 67 => 35 | [93232, 834, 725, 178, 173, 134, 127, 102, 71, 60, 60, 59, 58, 53, 52, 46, 30, 27, 25, 22, 22, 21, 20, 19, 18, 18, 15, 14, 14, 13, 13, 11, 10, 10, 10]
38 : 83 => 34 | [101363, 522, 469, 166, 148, 123, 109, 102, 99, 98, 80, 79, 77, 68, 63, 60, 57, 53, 52, 35, 26, 25, 23, 19, 19, 17, 17, 15, 15, 14, 13, 12, 12, 11]
11 : 83 => 52 | [92918, 464, 386, 373, 359, 259, 197, 182, 141, 137, 132, 124, 124, 123, 120, 109, 106, 92, 90, 82, 81, 79, 76, 73, 65, 50, 48, 46, 44, 43, 43, 41, 40, 38, 35, 35, 34, 32, 29, 24, 22, 22, 21, 20, 19, 18, 16, 16, 14, 13, 12, 11]
10 : 69 => 45 | [84779, 569, 395, 254, 229, 184, 174, 163, 138, 120, 107, 93, 91, 80, 80, 77, 75, 70, 69, 69, 61, 58, 55, 52, 51, 51, 46, 45, 38, 35, 33, 31, 30, 28, 27, 25, 24, 23, 22, 20, 19, 18, 15, 14, 13]
14 : 78 => 42 | [90052, 412, 160, 140, 137, 98, 95, 92, 86, 81, 80, 80, 78, 75, 67, 65, 58, 55, 54, 54, 46, 45, 43, 31, 31, 28, 25, 24, 22, 21, 20, 17, 17, 15, 13, 12, 12, 11, 11, 10, 10, 10]
23 : 197 => 72 | [66514, 1431, 1276, 412, 195, 65, 45, 37, 37, 34, 32, 30, 29, 29, 29, 29, 28, 27, 27, 25, 25, 25, 25, 24, 24, 22, 21, 21, 20, 20, 19, 18, 18, 17, 17, 17, 16, 16, 16, 16, 15, 15, 14, 14, 13, 12, 12, 12, 11, 11, 11, 11, 10, 10, 10, 10, 10, 10, 9, 9, 9, 8, 8, 7, 7, 7, 7, 7, 7, 7, 7, 7]
16 : 73 => 45 | [94775, 485, 402, 324, 301, 284, 167, 161, 160, 122, 116, 95, 95, 89, 87, 84, 75, 68, 66, 64, 64, 63, 58, 57, 52, 51, 51, 45, 40, 38, 35, 33, 31, 20, 17, 15, 14, 14, 14, 13, 13, 13, 11, 10, 10]
22 : 89 => 58 | [87326, 617, 436, 365, 360, 344, 269, 245, 216, 199, 198, 164, 148, 147, 142, 140, 137, 129, 118, 110, 108, 106, 105, 103, 92, 91, 90, 90, 80, 70, 70, 58, 56, 42, 39, 37, 36, 34, 34, 32, 29, 28, 26, 25, 25, 24, 24, 22, 22, 20, 19, 18, 12, 10, 10, 10, 10, 9]
28 : 93 => 59 | [94703, 1194, 1129, 911, 333, 264, 244, 240, 195, 166, 157, 154, 152, 106, 100, 96, 95, 82, 80, 75, 71, 66, 63, 57, 56, 55, 52, 50, 49, 49, 48, 48, 41, 39, 37, 35, 34, 34, 33, 31, 27, 26, 24, 24, 23, 22, 19, 18, 17, 17, 16, 15, 15, 12, 11, 11, 11, 10, 10]
40 : 90 => 45 | [95832, 644, 290, 251, 214, 179, 169, 165, 156, 153, 109, 94, 92, 78, 76, 74, 60, 59, 57, 54, 51, 50, 47, 46, 42, 39, 39, 39, 37, 32, 31, 30, 29, 29, 26, 25, 21, 19, 17, 17, 14, 14, 14, 12, 11]
32 : 99 => 54 | [85132, 730, 423, 382, 317, 298, 275, 223, 206, 196, 192, 173, 161, 132, 119, 117, 115, 96, 91, 86, 85, 66, 63, 62, 51, 50, 48, 45, 44, 39, 37, 35, 34, 32, 31, 22, 22, 21, 21, 20, 18, 18, 17, 16, 15, 15, 14, 13, 13, 11, 11, 10, 9, 9]
07 : 90 => 39 | [85031, 208, 202, 166, 124, 121, 87, 84, 81, 78, 77, 72, 67, 63, 61, 57, 56, 53, 51, 47, 46, 43, 39, 36, 36, 31, 30, 29, 24, 23, 21, 18, 17, 15, 15, 14, 13, 10, 9]
39 : 88 => 41 | [100296, 611, 534, 497, 322, 220, 142, 136, 112, 98, 97, 91, 71, 65, 65, 65, 64, 63, 62, 58, 54, 53, 52, 49, 48, 46, 44, 35, 33, 33, 27, 27, 26, 23, 21, 14, 13, 13, 12, 11, 11]
06 : 117 => 61 | [83345, 1498, 1142, 522, 508, 471, 352, 254, 232, 225, 213, 183, 176, 171, 153, 148, 137, 135, 102, 99, 86, 83, 71, 65, 57, 55, 53, 52, 52, 51, 47, 46, 45, 44, 40, 36, 36, 35, 34, 34, 34, 27, 27, 23, 23, 22, 20, 19, 18, 18, 18, 15, 14, 14, 14, 12, 12, 11, 11, 10, 9]
21 : 60 => 34 | [85634, 1256, 1207, 161, 143, 134, 115, 106, 86, 83, 76, 74, 74, 66, 61, 59, 47, 41, 35, 30, 30, 29, 29, 27, 27, 23, 23, 18, 13, 10, 10, 9, 9, 9]
09 : 64 => 41 | [84811, 1017, 639, 343, 300, 199, 196, 178, 152, 138, 132, 115, 108, 102, 92, 87, 77, 76, 75, 73, 64, 57, 57, 54, 38, 34, 29, 27, 26, 22, 20, 20, 20, 18, 18, 17, 16, 13, 11, 10, 10]
25 : 94 => 56 | [86368, 1104, 264, 253, 243, 234, 150, 146, 136, 112, 108, 85, 81, 76, 68, 64, 62, 60, 58, 58, 56, 55, 53, 50, 48, 45, 43, 43, 35, 33, 31, 31, 30, 28, 27, 26, 26, 24, 23, 22, 21, 18, 15, 15, 14, 14, 13, 13, 12, 12, 12, 12, 12, 11, 10, 9]
30 : 136 => 75 | [74146, 741, 674, 478, 404, 334, 298, 294, 286, 216, 200, 173, 170, 147, 143, 139, 131, 125, 121, 118, 115, 107, 106, 105, 98, 91, 73, 72, 65, 65, 62, 61, 57, 52, 47, 45, 41, 40, 40, 38, 37, 35, 34, 34, 33, 31, 30, 30, 29, 28, 28, 27, 24, 24, 23, 22, 20, 18, 16, 15, 15, 14, 13, 12, 11, 11, 11, 11, 10, 10, 10, 10, 9, 9, 9]
17 : 131 => 60 | [87001, 770, 379, 215, 164, 142, 129, 123, 108, 105, 97, 91, 83, 75, 73, 70, 68, 66, 63, 54, 50, 47, 45, 43, 40, 37, 33, 32, 32, 29, 29, 29, 28, 24, 22, 22, 21, 19, 17, 17, 16, 16, 16, 16, 16, 15, 13, 12, 11, 11, 10, 10, 10, 10, 10, 9, 9, 9, 9, 9]
31 : 126 => 68 | [64973, 328, 267, 205, 196, 173, 135, 112, 111, 110, 109, 106, 106, 82, 81, 80, 76, 66, 62, 52, 52, 50, 50, 48, 48, 40, 39, 38, 30, 27, 25, 25, 22, 20, 18, 17, 16, 16, 15, 15, 15, 15, 15, 13, 13, 12, 11, 10, 9, 9, 9, 9, 9, 9, 9, 8, 8, 8, 8, 8, 8, 8, 8, 7, 7, 7, 7, 7]
01 : 93 => 38 | [103161, 943, 912, 325, 240, 177, 155, 134, 134, 93, 85, 83, 70, 69, 69, 59, 59, 59, 54, 49, 44, 38, 37, 33, 32, 32, 29, 29, 26, 25, 20, 20, 19, 18, 18, 17, 12, 12]
36 : 59 => 33 | [101574, 1838, 1033, 516, 224, 223, 215, 186, 173, 165, 146, 125, 121, 106, 101, 82, 82, 74, 61, 53, 52, 47, 38, 37, 26, 19, 19, 16, 13, 13, 12, 12, 12]
20 : 107 => 57 | [93760, 2016, 383, 315, 276, 204, 199, 166, 121, 121, 118, 114, 111, 102, 99, 99, 94, 86, 79, 75, 73, 70, 69, 69, 65, 64, 63, 60, 57, 50, 40, 39, 38, 36, 34, 34, 34, 33, 32, 32, 31, 28, 27, 27, 25, 20, 20, 20, 17, 17, 16, 13, 13, 12, 10, 10, 10]
02 : 92 => 47 | [104201, 1224, 287, 287, 201, 196, 167, 126, 119, 95, 87, 73, 62, 55, 53, 50, 44, 44, 43, 40, 32, 31, 30, 29, 27, 25, 24, 24, 22, 20, 20, 18, 18, 17, 17, 17, 16, 16, 13, 13, 13, 13, 11, 11, 11, 11, 11]
05 : 100 => 52 | [88438, 361, 248, 224, 212, 212, 172, 160, 133, 123, 103, 101, 100, 98, 93, 83, 73, 73, 71, 68, 63, 58, 56, 53, 53, 51, 46, 46, 45, 44, 43, 35, 34, 29, 27, 27, 25, 25, 24, 23, 23, 23, 22, 18, 18, 17, 17, 15, 13, 12, 11, 11]
37 : 88 => 51 | [96219, 422, 248, 243, 215, 154, 151, 134, 119, 106, 102, 101, 82, 65, 54, 54, 51, 47, 42, 41, 35, 33, 31, 27, 25, 22, 22, 20, 19, 19, 19, 19, 17, 17, 17, 16, 14, 13, 13, 13, 13, 12, 12, 11, 11, 11, 11, 10, 10, 10, 10]
29 : 123 => 63 | [84627, 432, 300, 270, 195, 133, 128, 124, 124, 116, 107, 100, 99, 89, 87, 73, 72, 71, 71, 69, 67, 65, 58, 55, 54, 49, 46, 45, 40, 39, 37, 36, 35, 35, 33, 30, 26, 25, 24, 23, 20, 20, 20, 18, 18, 18, 17, 17, 16, 15, 14, 12, 12, 12, 12, 11, 11, 11, 10, 10, 9, 9, 9]
24 : 65 => 37 | [105839, 479, 236, 216, 191, 183, 160, 137, 125, 122, 110, 92, 91, 90, 82, 60, 55, 52, 46, 43, 33, 31, 30, 28, 26, 22, 21, 19, 19, 19, 18, 17, 16, 15, 14, 12, 11]
35 : 52 => 26 | [98229, 335, 272, 258, 252, 199, 141, 117, 112, 103, 85, 51, 49, 42, 38, 38, 36, 34, 27, 24, 23, 22, 21, 20, 16, 11]
26 : 101 => 56 | [78473, 2107, 609, 577, 486, 392, 326, 224, 200, 175, 149, 132, 122, 121, 121, 99, 96, 94, 81, 74, 74, 72, 72, 70, 67, 63, 61, 54, 51, 45, 43, 42, 36, 35, 32, 32, 32, 28, 27, 26, 24, 22, 19, 14, 13, 13, 12, 12, 11, 11, 11, 10, 10, 9, 9, 8]
19 : 65 => 37 | [104191, 633, 462, 287, 287, 218, 189, 161, 139, 112, 111, 107, 93, 79, 71, 71, 65, 53, 53, 49, 47, 40, 29, 27, 26, 25, 25, 21, 21, 16, 14, 14, 12, 12, 11, 11, 11]
03 : 131 => 71 | [92585, 857, 828, 799, 692, 566, 289, 276, 199, 185, 169, 156, 153, 140, 125, 122, 122, 115, 103, 98, 93, 90, 89, 83, 72, 68, 68, 66, 65, 64, 58, 57, 47, 44, 43, 43, 42, 42, 41, 40, 39, 38, 38, 37, 35, 34, 33, 30, 29, 29, 26, 25, 24, 24, 23, 21, 20, 17, 16, 15, 14, 14, 14, 13, 13, 12, 12, 12, 11, 11, 10]
27 : 74 => 49 | [89001, 662, 619, 587, 566, 285, 251, 238, 211, 206, 176, 169, 168, 138, 135, 116, 115, 111, 101, 96, 75, 65, 64, 63, 57, 53, 53, 50, 50, 49, 42, 40, 39, 28, 27, 24, 21, 19, 18, 17, 16, 13, 11, 11, 10, 10, 9, 9, 9]
04 : 76 => 40 | [87298, 778, 742, 636, 416, 278, 121, 83, 81, 77, 77, 77, 70, 61, 55, 54, 33, 29, 23, 22, 22, 20, 20, 19, 19, 18, 17, 16, 16, 15, 14, 13, 13, 12, 12, 12, 11, 10, 9, 9]
/_predsToRemove/DRIVE_RETA/2_c00001/ ==> /data/DRIVE_RETA/targetVessels/1024x1024/all/
colorMode : Grayscale
daMode : ['noDA']
imageToTensor length: 40
('imgName', 'TP', 'FP', 'TN', 'FN', 'DICE')
('01.tif', 87348, 16483, 924702, 20043, 0.8270729374781036)
('02.tif', 96770, 22942, 917670, 11194, 0.8500676399796202)
('03.tif', 83792, 22404, 925689, 16691, 0.8108419336265417)
('04.tif', 81143, 22769, 934499, 10165, 0.8312980227435713)
('05.tif', 78476, 17867, 938556, 13677, 0.8326542738307444)
('06.tif', 81026, 30446, 926671, 10433, 0.7985571450394469)
('07.tif', 70165, 15029, 946292, 17090, 0.8137478326925642)
('08.tif', 63926, 15923, 948870, 19857, 0.7813386134741371)
('09.tif', 79642, 14994, 944091, 9849, 0.865076821976136)
('10.tif', 76056, 9462, 950464, 12594, 0.8733636488907262)
('11.tif', 84841, 14903, 935995, 12837, 0.859488810770836)
('12.tif', 82662, 12975, 939305, 13634, 0.8613630798247305)
('13.tif', 97207, 22702, 919116, 9551, 0.8577075621947615)
('14.tif', 78025, 11536, 944547, 14468, 0.8571632592527492)
('15.tif', 73642, 14079, 950788, 10067, 0.859149507087441)
('16.tif', 86373, 15191, 934583, 12429, 0.8621522613617081)
('17.tif', 76380, 12521, 945326, 14349, 0.8504147414129043)
('18.tif', 91890, 16888, 929581, 10217, 0.8714702325912227)
('19.tif', 97714, 21110, 919673, 10079, 0.8623713137143286)
('20.tif', 88522, 21572, 927158, 11324, 0.8433076116985806)
('21.tif', 76961, 12212, 946610, 12793, 0.860250269663047)
('22.tif', 82015, 25013, 930037, 11511, 0.8178844600456735)
('23.tif', 62580, 15405, 962126, 8465, 0.8398309065288868)
('24.tif', 101053, 36834, 902982, 7707, 0.819413980303835)
('25.tif', 82274, 30967, 926937, 8398, 0.8069519844247302)
('26.tif', 75691, 22972, 939776, 10137, 0.8205386712630969)
('27.tif', 82004, 23859, 929814, 12899, 0.8169112299891416)
('28.tif', 89533, 27351, 919473, 12219, 0.8190142519987559)
('29.tif', 75904, 23781, 936365, 12526, 0.8069957207027616)
('30.tif', 69406, 24484, 942671, 12015, 0.7918042792523002)
('31.tif', 56599, 15089, 965180, 11708, 0.8085860209293189)
('32.tif', 76360, 19692, 938403, 14121, 0.818729125677494)
('33.tif', 77451, 18857, 938106, 14162, 0.8242931870307204)
('34.tif', 48162, 11478, 979636, 9300, 0.822564943382692)
('35.tif', 86913, 16920, 931101, 13642, 0.8504706734250543)
('36.tif', 98011, 29752, 911410, 9403, 0.8335083787955455)
('37.tif', 86301, 18072, 931322, 12881, 0.8479379037606544)
('38.tif', 86633, 16208, 928307, 17428, 0.8374302810026003)
('39.tif', 85005, 17912, 926350, 19309, 0.8203888414378158)
('40.tif', 77250, 13322, 935717, 22287, 0.8126916663598251)
('meanDice', 0.834)
