/_predsToRemove/DRIVE_RETA/0/ ==> /_predsToRemove/DRIVE_RETA/0_c00005/
18 : 63 => 22 | [102219, 302, 209, 169, 155, 135, 121, 113, 108, 98, 95, 90, 89, 87, 86, 83, 81, 62, 61, 58, 53, 53]
33 : 77 => 26 | [87353, 1005, 744, 597, 541, 471, 209, 197, 153, 142, 137, 135, 128, 124, 120, 108, 98, 95, 79, 77, 72, 72, 51, 51, 49, 49]
08 : 110 => 29 | [83075, 1532, 1495, 1315, 558, 523, 289, 245, 220, 197, 191, 155, 127, 118, 113, 92, 91, 84, 79, 79, 76, 73, 71, 71, 63, 55, 53, 51, 47]
15 : 47 => 9 | [88583, 862, 252, 237, 177, 177, 132, 77, 68]
34 : 192 => 55 | [60224, 1295, 1250, 832, 640, 431, 370, 312, 218, 197, 186, 166, 158, 156, 147, 146, 146, 127, 125, 120, 114, 107, 96, 87, 82, 76, 75, 74, 72, 72, 72, 69, 65, 63, 62, 60, 56, 52, 52, 51, 49, 44, 44, 42, 42, 42, 41, 41, 41, 37, 37, 36, 33, 33, 32]
13 : 50 => 20 | [111048, 545, 388, 286, 266, 261, 244, 214, 193, 187, 160, 146, 140, 132, 130, 103, 101, 98, 87, 56]
12 : 47 => 17 | [50569, 47625, 800, 212, 148, 143, 142, 109, 108, 89, 85, 70, 50, 46, 36, 35, 34]
38 : 63 => 12 | [109432, 533, 467, 172, 137, 116, 104, 102, 101, 93, 63, 57]
11 : 77 => 28 | [97764, 506, 420, 381, 363, 182, 172, 165, 155, 140, 128, 111, 107, 95, 93, 93, 89, 88, 85, 81, 76, 73, 66, 65, 61, 55, 52, 50]
10 : 61 => 25 | [87811, 782, 568, 278, 178, 175, 153, 130, 105, 102, 94, 94, 90, 86, 84, 84, 82, 80, 75, 72, 68, 60, 59, 56, 53]
14 : 58 => 14 | [96064, 298, 218, 182, 147, 105, 104, 88, 78, 77, 75, 74, 72, 68]
23 : 74 => 16 | [74315, 446, 180, 122, 104, 98, 77, 63, 52, 49, 44, 43, 42, 41, 39, 38]
16 : 58 => 20 | [100557, 311, 268, 200, 137, 113, 108, 104, 103, 97, 97, 96, 96, 94, 89, 78, 76, 68, 67, 61]
22 : 69 => 28 | [93695, 757, 648, 358, 346, 324, 291, 273, 154, 148, 147, 145, 140, 125, 121, 111, 108, 103, 102, 101, 98, 97, 83, 83, 80, 71, 63, 47]
28 : 75 => 26 | [101590, 1239, 955, 239, 229, 220, 210, 197, 175, 172, 142, 131, 123, 117, 102, 100, 99, 97, 89, 82, 81, 73, 66, 61, 58, 58]
40 : 95 => 25 | [98907, 259, 236, 231, 229, 219, 181, 174, 156, 155, 149, 143, 141, 118, 108, 105, 95, 79, 70, 66, 65, 63, 62, 62, 59]
32 : 90 => 25 | [89424, 532, 484, 467, 414, 223, 206, 200, 196, 174, 151, 124, 119, 84, 82, 80, 80, 78, 78, 74, 64, 63, 61, 54, 53]
07 : 92 => 26 | [88957, 415, 414, 373, 276, 246, 192, 169, 167, 167, 155, 137, 121, 106, 94, 93, 91, 82, 82, 58, 56, 48, 48, 47, 45, 45]
39 : 78 => 23 | [106902, 700, 663, 570, 521, 367, 129, 128, 120, 108, 95, 88, 88, 85, 82, 80, 80, 76, 73, 71, 63, 59, 57]
06 : 97 => 27 | [90959, 989, 725, 473, 330, 313, 258, 235, 209, 183, 155, 142, 110, 105, 80, 75, 72, 72, 65, 65, 65, 65, 61, 59, 58, 49, 49]
21 : 40 => 17 | [89379, 279, 251, 237, 235, 229, 166, 153, 120, 117, 117, 106, 83, 71, 65, 56, 53]
09 : 49 => 25 | [88960, 1144, 613, 417, 296, 230, 226, 171, 154, 150, 147, 131, 127, 125, 100, 80, 79, 76, 70, 67, 65, 53, 53, 52, 48]
25 : 100 => 17 | [94973, 317, 250, 231, 228, 130, 118, 115, 98, 97, 93, 91, 77, 74, 69, 62, 55]
30 : 106 => 31 | [84428, 710, 666, 578, 537, 287, 225, 181, 146, 133, 123, 121, 106, 104, 99, 96, 91, 88, 83, 74, 72, 68, 66, 61, 59, 52, 51, 47, 47, 46, 43]
17 : 69 => 21 | [89315, 1160, 617, 350, 209, 207, 166, 165, 154, 141, 132, 127, 109, 101, 72, 69, 63, 62, 61, 59, 58]
31 : 97 => 21 | [71235, 410, 375, 325, 313, 162, 159, 127, 115, 114, 113, 111, 94, 91, 71, 61, 53, 49, 48, 47, 42]
01 : 66 => 15 | [109771, 616, 517, 434, 412, 136, 122, 119, 111, 90, 67, 64, 62, 56, 55]
36 : 72 => 26 | [108915, 678, 496, 330, 291, 276, 245, 229, 228, 221, 197, 179, 167, 158, 106, 98, 89, 85, 82, 81, 77, 76, 70, 61, 59, 56]
20 : 83 => 32 | [97752, 1975, 393, 319, 216, 200, 200, 176, 147, 133, 131, 113, 110, 103, 103, 98, 96, 90, 83, 81, 76, 72, 65, 65, 64, 63, 62, 60, 60, 57, 56, 54]
02 : 69 => 21 | [109574, 1480, 553, 291, 227, 220, 203, 147, 145, 128, 127, 115, 109, 99, 98, 74, 68, 63, 62, 58, 55]
05 : 72 => 23 | [92426, 344, 248, 225, 223, 218, 179, 164, 144, 129, 109, 108, 105, 88, 85, 81, 79, 73, 60, 55, 51, 49, 49]
37 : 83 => 15 | [100610, 314, 265, 206, 161, 127, 122, 109, 107, 91, 90, 78, 60, 57, 54]
29 : 96 => 21 | [90674, 379, 284, 234, 161, 148, 135, 135, 104, 93, 78, 76, 73, 72, 72, 68, 64, 54, 53, 49, 46]
24 : 51 => 9 | [116768, 258, 202, 148, 143, 128, 117, 97, 72]
35 : 63 => 15 | [101504, 370, 298, 232, 215, 137, 126, 125, 93, 84, 78, 68, 68, 64, 61]
26 : 97 => 27 | [87228, 1196, 981, 502, 260, 258, 204, 192, 181, 137, 131, 106, 104, 92, 90, 84, 83, 80, 80, 70, 65, 58, 56, 55, 53, 51, 45]
19 : 61 => 17 | [109213, 665, 280, 270, 182, 167, 151, 116, 109, 99, 93, 87, 77, 75, 68, 56, 56]
03 : 113 => 27 | [99114, 1015, 524, 397, 379, 221, 209, 208, 182, 178, 163, 154, 150, 150, 136, 130, 117, 102, 99, 96, 95, 92, 70, 67, 59, 57, 55]
27 : 83 => 25 | [97488, 850, 469, 296, 282, 221, 160, 151, 136, 114, 108, 105, 103, 101, 98, 85, 83, 79, 78, 61, 59, 58, 54, 52, 49]
04 : 78 => 20 | [93451, 613, 264, 254, 207, 154, 141, 129, 103, 96, 82, 77, 72, 67, 55, 55, 55, 53, 50, 49]
/_predsToRemove/DRIVE_RETA/0_c00005/ ==> /data/DRIVE_RETA/targetVessels/1024x1024/all/
colorMode : Grayscale
daMode : ['noDA']
imageToTensor length: 40
('imgName', 'TP', 'FP', 'TN', 'FN', 'DICE')
('01.tif', 89626, 14205, 921739, 23006, 0.8280953326896513)
('02.tif', 100108, 19604, 915076, 13788, 0.8570596897366528)
('03.tif', 86244, 19952, 924405, 17975, 0.8197514435757907)
('04.tif', 83571, 20341, 932208, 12456, 0.8359649693156412)
('05.tif', 80202, 16141, 937143, 15090, 0.8370287264852454)
('06.tif', 83926, 27546, 925009, 12095, 0.8089525911717503)
('07.tif', 72244, 12950, 942942, 20440, 0.8122870731625046)
('08.tif', 67535, 12314, 945124, 23603, 0.7899430950891003)
('09.tif', 82062, 12574, 942368, 11572, 0.8717480214585436)
('10.tif', 77716, 7802, 949355, 13703, 0.8784595647038211)
('11.tif', 87106, 12638, 934222, 14610, 0.8647473443859823)
('12.tif', 85037, 10600, 937675, 15264, 0.8679990609274363)
('13.tif', 102132, 17777, 916014, 12653, 0.8703418067781877)
('14.tif', 80729, 8832, 942094, 16921, 0.8624386387552013)
('15.tif', 77158, 10563, 947448, 13407, 0.8655531000751602)
('16.tif', 88663, 12901, 932855, 14157, 0.8676119461405981)
('17.tif', 78251, 10650, 944529, 15146, 0.8584954305587554)
('18.tif', 93812, 14966, 929083, 10715, 0.8796043224490753)
('19.tif', 100559, 18265, 918547, 11205, 0.872196298159488)
('20.tif', 90784, 19310, 925993, 12489, 0.8509657069743681)
('21.tif', 78437, 10736, 946123, 13280, 0.8672342307479683)
('22.tif', 85551, 21477, 928280, 13268, 0.8312095877034885)
('23.tif', 66728, 11257, 961566, 9025, 0.8680742562021101)
('24.tif', 106895, 30992, 899651, 11038, 0.8357047924321789)
('25.tif', 86262, 26979, 924519, 10816, 0.8202967872612555)
('26.tif', 79100, 19563, 936571, 13342, 0.8278171685722508)
('27.tif', 85585, 20278, 926958, 15755, 0.8260980777305348)
('28.tif', 92824, 24060, 917811, 13881, 0.830309183367697)
('29.tif', 78068, 21617, 933907, 14984, 0.8100987355826852)
('30.tif', 73832, 20058, 939030, 15656, 0.8052438133254807)
('31.tif', 59577, 12111, 962350, 14538, 0.8172259830044649)
('32.tif', 77844, 18208, 936803, 15721, 0.8210656217533238)
('33.tif', 78357, 17951, 937768, 14500, 0.8284513519942907)
('34.tif', 50974, 8666, 970613, 18323, 0.7906807200415706)
('35.tif', 88197, 15636, 929417, 15326, 0.8506819190184995)
('36.tif', 101100, 26663, 908363, 12450, 0.8379159017541533)
('37.tif', 87769, 16604, 929521, 14682, 0.8487312884384791)
('38.tif', 89601, 13240, 923959, 21776, 0.8365403467495729)
('39.tif', 87561, 15356, 922015, 23644, 0.8178608456861042)
('40.tif', 78198, 12374, 934070, 23934, 0.8115866821653935)
('meanDice', 0.84)
/_predsToRemove/DRIVE_RETA/1/ ==> /_predsToRemove/DRIVE_RETA/1_c00005/
18 : 74 => 21 | [100671, 541, 434, 341, 195, 182, 168, 167, 159, 156, 144, 103, 100, 98, 91, 77, 60, 58, 55, 52, 51]
33 : 81 => 17 | [91407, 637, 356, 261, 260, 177, 144, 133, 126, 107, 94, 90, 75, 61, 53, 49, 48]
08 : 134 => 26 | [81391, 1586, 1457, 504, 425, 206, 202, 202, 184, 183, 165, 156, 118, 108, 88, 86, 75, 72, 61, 60, 58, 57, 53, 50, 50, 46]
15 : 75 => 13 | [85700, 1143, 337, 334, 216, 168, 155, 108, 98, 87, 55, 53, 43]
34 : 178 => 40 | [59347, 897, 769, 509, 379, 352, 344, 303, 187, 162, 151, 133, 119, 117, 108, 99, 90, 88, 88, 86, 86, 83, 80, 80, 77, 72, 72, 63, 58, 52, 47, 44, 42, 42, 40, 40, 31, 31, 30, 30]
13 : 62 => 21 | [108055, 391, 275, 255, 252, 233, 198, 139, 136, 131, 126, 118, 114, 107, 86, 81, 78, 78, 61, 60, 60]
12 : 62 => 16 | [51061, 47683, 1013, 218, 135, 121, 106, 77, 70, 59, 59, 52, 50, 45, 36, 33]
38 : 78 => 16 | [103953, 894, 491, 288, 208, 162, 137, 118, 111, 104, 100, 96, 81, 79, 71, 58]
11 : 73 => 23 | [99142, 512, 482, 272, 263, 171, 163, 152, 148, 115, 104, 102, 98, 85, 77, 75, 67, 65, 61, 59, 59, 57, 55]
10 : 67 => 21 | [87812, 547, 518, 318, 249, 242, 210, 192, 171, 158, 143, 108, 105, 103, 93, 84, 79, 79, 76, 65, 64]
14 : 72 => 16 | [95277, 283, 223, 214, 149, 149, 102, 99, 98, 96, 84, 70, 69, 59, 53, 49]
23 : 78 => 12 | [71706, 811, 306, 105, 70, 65, 56, 55, 46, 45, 43, 41]
16 : 68 => 13 | [100383, 212, 161, 156, 141, 138, 115, 112, 108, 94, 76, 71, 66]
22 : 81 => 27 | [93662, 501, 332, 308, 292, 246, 224, 205, 198, 144, 141, 136, 135, 132, 106, 89, 87, 81, 74, 67, 62, 61, 60, 53, 52, 50, 47]
28 : 94 => 23 | [100377, 1896, 1042, 258, 229, 193, 178, 177, 163, 156, 141, 139, 127, 125, 125, 119, 100, 78, 69, 57, 57, 55, 55]
40 : 111 => 19 | [99006, 591, 305, 209, 203, 177, 171, 121, 108, 107, 101, 88, 85, 81, 78, 74, 69, 67, 65]
32 : 94 => 25 | [91301, 479, 392, 266, 256, 233, 223, 217, 212, 181, 148, 122, 117, 115, 111, 102, 98, 82, 77, 74, 63, 63, 55, 52, 51]
07 : 130 => 29 | [87139, 1763, 401, 256, 211, 205, 156, 150, 112, 105, 96, 89, 86, 85, 85, 82, 78, 77, 75, 72, 71, 68, 68, 61, 55, 50, 49, 49, 44]
39 : 87 => 21 | [106465, 795, 226, 136, 125, 123, 118, 111, 109, 109, 101, 100, 92, 82, 80, 75, 72, 71, 71, 69, 58]
06 : 85 => 24 | [88698, 1435, 919, 505, 428, 351, 288, 165, 139, 105, 102, 96, 94, 86, 80, 72, 70, 68, 67, 67, 60, 53, 48, 47]
21 : 70 => 16 | [87138, 1898, 1289, 274, 226, 207, 169, 159, 150, 148, 128, 111, 94, 87, 66, 56]
09 : 50 => 24 | [87978, 1028, 532, 410, 300, 237, 190, 139, 138, 120, 112, 109, 100, 88, 83, 81, 80, 77, 61, 55, 52, 49, 46, 44]
25 : 121 => 20 | [90594, 2294, 250, 200, 199, 136, 106, 100, 98, 82, 82, 80, 76, 67, 67, 53, 53, 51, 49, 47]
30 : 116 => 29 | [83537, 812, 282, 201, 197, 186, 131, 124, 122, 112, 108, 105, 100, 90, 90, 85, 85, 73, 70, 69, 68, 61, 61, 56, 54, 54, 53, 49, 48]
17 : 79 => 20 | [89999, 1185, 423, 276, 247, 118, 115, 111, 109, 90, 89, 89, 77, 68, 66, 64, 60, 59, 57, 49]
31 : 136 => 21 | [69955, 367, 343, 324, 296, 268, 171, 171, 170, 150, 128, 77, 52, 47, 44, 43, 42, 39, 36, 35, 35]
01 : 91 => 14 | [108974, 1209, 540, 227, 146, 113, 108, 100, 80, 80, 64, 61, 60, 56]
36 : 98 => 25 | [102361, 1781, 900, 491, 427, 286, 275, 267, 252, 246, 211, 200, 176, 170, 143, 115, 109, 105, 95, 92, 82, 74, 71, 63, 58]
20 : 88 => 22 | [100663, 327, 281, 177, 144, 138, 135, 131, 105, 102, 100, 99, 92, 89, 87, 85, 74, 72, 71, 66, 53, 52]
02 : 85 => 24 | [108430, 474, 356, 287, 143, 137, 113, 101, 99, 98, 97, 93, 77, 75, 71, 68, 64, 64, 63, 58, 57, 57, 56, 55]
05 : 89 => 23 | [91958, 520, 339, 330, 318, 264, 211, 200, 185, 132, 128, 91, 90, 86, 86, 84, 78, 52, 52, 51, 50, 48, 46]
37 : 104 => 19 | [98164, 403, 305, 289, 266, 150, 144, 132, 131, 127, 112, 108, 107, 91, 69, 67, 64, 64, 52]
29 : 137 => 25 | [89701, 432, 390, 289, 181, 154, 144, 136, 121, 121, 115, 97, 95, 92, 84, 76, 75, 69, 62, 59, 54, 50, 50, 50, 46]
24 : 52 => 17 | [112099, 292, 238, 184, 159, 150, 136, 135, 133, 132, 116, 104, 83, 75, 73, 66, 60]
35 : 88 => 19 | [100267, 376, 368, 338, 259, 242, 180, 164, 134, 128, 121, 107, 77, 73, 64, 60, 59, 57, 53]
26 : 137 => 26 | [84308, 972, 647, 580, 570, 542, 476, 222, 190, 189, 168, 128, 92, 81, 78, 73, 71, 69, 60, 53, 50, 50, 49, 47, 47, 43]
19 : 78 => 15 | [107499, 622, 300, 259, 216, 210, 146, 112, 108, 95, 82, 81, 75, 65, 63]
03 : 148 => 32 | [98050, 2908, 1112, 850, 413, 408, 338, 254, 242, 187, 163, 152, 149, 138, 138, 112, 109, 109, 101, 97, 97, 95, 84, 77, 77, 75, 75, 72, 62, 58, 54, 53]
27 : 95 => 25 | [95411, 1025, 420, 254, 237, 192, 189, 167, 136, 132, 129, 122, 113, 111, 103, 100, 92, 87, 86, 84, 70, 64, 59, 57, 51]
04 : 77 => 14 | [91409, 592, 212, 133, 124, 114, 95, 91, 81, 79, 72, 62, 54, 52]
/_predsToRemove/DRIVE_RETA/1_c00005/ ==> /data/DRIVE_RETA/targetVessels/1024x1024/all/
colorMode : Grayscale
daMode : ['noDA']
imageToTensor length: 40
('imgName', 'TP', 'FP', 'TN', 'FN', 'DICE')
('01.tif', 89295, 14536, 922222, 22523, 0.8281513014203636)
('02.tif', 98336, 21376, 916007, 12857, 0.8517442238149888)
('03.tif', 87008, 19188, 922479, 19901, 0.816573989347974)
('04.tif', 81955, 21957, 933449, 11215, 0.8316842735511107)
('05.tif', 79795, 16548, 936629, 15604, 0.8323163417508944)
('06.tif', 82675, 28797, 925736, 11368, 0.8045641437364669)
('07.tif', 71656, 13538, 943200, 20182, 0.8095259614081071)
('08.tif', 65989, 13860, 947073, 21654, 0.7879659924056074)
('09.tif', 80914, 13722, 942745, 11195, 0.8665720635090631)
('10.tif', 77357, 8161, 948999, 14059, 0.8744164490714051)
('11.tif', 86488, 13256, 932936, 15896, 0.8557745586954801)
('12.tif', 84490, 11147, 936611, 16328, 0.8601460894352396)
('13.tif', 99181, 20728, 916814, 11853, 0.8589218984771134)
('14.tif', 80069, 9492, 942010, 17005, 0.8580277011278699)
('15.tif', 76208, 11513, 948566, 12289, 0.8649286678999876)
('16.tif', 87471, 14093, 932650, 14362, 0.8601011814333545)
('17.tif', 77741, 11160, 944065, 15610, 0.8531154664969383)
('18.tif', 92766, 16012, 928661, 11137, 0.8723487288474288)
('19.tif', 98928, 19896, 918747, 11005, 0.8649177948652937)
('20.tif', 89836, 20258, 925175, 13307, 0.8425929833940639)
('21.tif', 77787, 11386, 944990, 14413, 0.8577572185496187)
('22.tif', 84016, 23012, 928019, 13529, 0.8213791653835061)
('23.tif', 64726, 13259, 961968, 8623, 0.8554059233219237)
('24.tif', 103771, 34116, 900225, 10464, 0.8231808410214103)
('25.tif', 84172, 29069, 924823, 10512, 0.8096380906576891)
('26.tif', 77372, 21291, 937430, 12483, 0.820844693875386)
('27.tif', 83730, 22133, 926952, 15761, 0.8154698715389036)
('28.tif', 91415, 25469, 917191, 14501, 0.8206014362657091)
('29.tif', 77308, 22377, 933456, 15435, 0.8035005300683892)
('30.tif', 72211, 21679, 939814, 14872, 0.7980306454553995)
('31.tif', 58394, 13294, 962489, 14399, 0.8083277385953862)
('32.tif', 77928, 18124, 935362, 17162, 0.8153937910035471)
('33.tif', 78073, 18235, 936263, 16005, 0.8201548433183112)
('34.tif', 50372, 9268, 973880, 15056, 0.8055138004925321)
('35.tif', 87973, 15860, 929589, 15154, 0.8501449555469656)
('36.tif', 98099, 29664, 909862, 10951, 0.8284933681850236)
('37.tif', 86752, 17621, 930110, 14093, 0.8454618990536893)
('38.tif', 87699, 15142, 926483, 19252, 0.8360566656497864)
('39.tif', 86860, 16057, 923331, 22328, 0.8190283114495179)
('40.tif', 78153, 12419, 934451, 23553, 0.8129167143406942)
('meanDice', 0.834)
/_predsToRemove/DRIVE_RETA/2/ ==> /_predsToRemove/DRIVE_RETA/2_c00005/
18 : 72 => 24 | [98620, 312, 280, 226, 174, 173, 151, 149, 146, 135, 122, 113, 111, 108, 108, 107, 101, 85, 74, 63, 58, 57, 50, 50]
33 : 85 => 30 | [85962, 614, 571, 499, 495, 455, 243, 234, 191, 188, 188, 166, 126, 124, 118, 112, 105, 94, 94, 78, 71, 70, 64, 62, 59, 58, 54, 49, 44, 44]
08 : 171 => 42 | [76267, 1179, 471, 456, 445, 377, 368, 273, 260, 232, 221, 205, 179, 157, 154, 141, 131, 112, 101, 97, 95, 90, 74, 73, 73, 65, 64, 63, 62, 60, 58, 57, 53, 53, 52, 51, 48, 48, 46, 44, 40, 39]
15 : 50 => 17 | [79139, 1370, 470, 373, 316, 298, 287, 272, 185, 169, 165, 120, 107, 77, 66, 61, 40]
34 : 157 => 25 | [52788, 748, 573, 551, 321, 272, 265, 174, 156, 142, 120, 112, 108, 107, 91, 88, 79, 54, 51, 37, 35, 33, 31, 27, 27]
13 : 73 => 23 | [100627, 2027, 531, 451, 395, 274, 233, 227, 206, 179, 150, 140, 123, 122, 109, 96, 73, 72, 70, 68, 67, 56, 54]
12 : 67 => 15 | [93232, 834, 725, 178, 173, 134, 127, 102, 71, 60, 60, 59, 58, 53, 52]
38 : 83 => 19 | [101363, 522, 469, 166, 148, 123, 109, 102, 99, 98, 80, 79, 77, 68, 63, 60, 57, 53, 52]
11 : 83 => 27 | [92918, 464, 386, 373, 359, 259, 197, 182, 141, 137, 132, 124, 124, 123, 120, 109, 106, 92, 90, 82, 81, 79, 76, 73, 65, 50, 48]
10 : 69 => 28 | [84779, 569, 395, 254, 229, 184, 174, 163, 138, 120, 107, 93, 91, 80, 80, 77, 75, 70, 69, 69, 61, 58, 55, 52, 51, 51, 46, 45]
14 : 78 => 21 | [90052, 412, 160, 140, 137, 98, 95, 92, 86, 81, 80, 80, 78, 75, 67, 65, 58, 55, 54, 54, 46]
23 : 197 => 10 | [66514, 1431, 1276, 412, 195, 65, 45, 37, 37, 34]
16 : 73 => 27 | [94775, 485, 402, 324, 301, 284, 167, 161, 160, 122, 116, 95, 95, 89, 87, 84, 75, 68, 66, 64, 64, 63, 58, 57, 52, 51, 51]
22 : 89 => 33 | [87326, 617, 436, 365, 360, 344, 269, 245, 216, 199, 198, 164, 148, 147, 142, 140, 137, 129, 118, 110, 108, 106, 105, 103, 92, 91, 90, 90, 80, 70, 70, 58, 56]
28 : 93 => 32 | [94703, 1194, 1129, 911, 333, 264, 244, 240, 195, 166, 157, 154, 152, 106, 100, 96, 95, 82, 80, 75, 71, 66, 63, 57, 56, 55, 52, 50, 49, 49, 48, 48]
40 : 90 => 22 | [95832, 644, 290, 251, 214, 179, 169, 165, 156, 153, 109, 94, 92, 78, 76, 74, 60, 59, 57, 54, 51, 50]
32 : 99 => 29 | [85132, 730, 423, 382, 317, 298, 275, 223, 206, 196, 192, 173, 161, 132, 119, 117, 115, 96, 91, 86, 85, 66, 63, 62, 51, 50, 48, 45, 44]
07 : 90 => 22 | [85031, 208, 202, 166, 124, 121, 87, 84, 81, 78, 77, 72, 67, 63, 61, 57, 56, 53, 51, 47, 46, 43]
39 : 88 => 23 | [100296, 611, 534, 497, 322, 220, 142, 136, 112, 98, 97, 91, 71, 65, 65, 65, 64, 63, 62, 58, 54, 53, 52]
06 : 117 => 34 | [83345, 1498, 1142, 522, 508, 471, 352, 254, 232, 225, 213, 183, 176, 171, 153, 148, 137, 135, 102, 99, 86, 83, 71, 65, 57, 55, 53, 52, 52, 51, 47, 46, 45, 44]
21 : 60 => 17 | [85634, 1256, 1207, 161, 143, 134, 115, 106, 86, 83, 76, 74, 74, 66, 61, 59, 47]
09 : 64 => 24 | [84811, 1017, 639, 343, 300, 199, 196, 178, 152, 138, 132, 115, 108, 102, 92, 87, 77, 76, 75, 73, 64, 57, 57, 54]
25 : 94 => 26 | [86368, 1104, 264, 253, 243, 234, 150, 146, 136, 112, 108, 85, 81, 76, 68, 64, 62, 60, 58, 58, 56, 55, 53, 50, 48, 45]
30 : 136 => 40 | [74146, 741, 674, 478, 404, 334, 298, 294, 286, 216, 200, 173, 170, 147, 143, 139, 131, 125, 121, 118, 115, 107, 106, 105, 98, 91, 73, 72, 65, 65, 62, 61, 57, 52, 47, 45, 41, 40, 40, 38]
17 : 131 => 23 | [87001, 770, 379, 215, 164, 142, 129, 123, 108, 105, 97, 91, 83, 75, 73, 70, 68, 66, 63, 54, 50, 47, 45]
31 : 126 => 28 | [64973, 328, 267, 205, 196, 173, 135, 112, 111, 110, 109, 106, 106, 82, 81, 80, 76, 66, 62, 52, 52, 50, 50, 48, 48, 40, 39, 38]
01 : 93 => 19 | [103161, 943, 912, 325, 240, 177, 155, 134, 134, 93, 85, 83, 70, 69, 69, 59, 59, 59, 54]
36 : 59 => 21 | [101574, 1838, 1033, 516, 224, 223, 215, 186, 173, 165, 146, 125, 121, 106, 101, 82, 82, 74, 61, 53, 52]
20 : 107 => 30 | [93760, 2016, 383, 315, 276, 204, 199, 166, 121, 121, 118, 114, 111, 102, 99, 99, 94, 86, 79, 75, 73, 70, 69, 69, 65, 64, 63, 60, 57, 50]
02 : 92 => 15 | [104201, 1224, 287, 287, 201, 196, 167, 126, 119, 95, 87, 73, 62, 55, 53]
05 : 100 => 29 | [88438, 361, 248, 224, 212, 212, 172, 160, 133, 123, 103, 101, 100, 98, 93, 83, 73, 73, 71, 68, 63, 58, 56, 53, 53, 51, 46, 46, 45]
37 : 88 => 17 | [96219, 422, 248, 243, 215, 154, 151, 134, 119, 106, 102, 101, 82, 65, 54, 54, 51]
29 : 123 => 28 | [84627, 432, 300, 270, 195, 133, 128, 124, 124, 116, 107, 100, 99, 89, 87, 73, 72, 71, 71, 69, 67, 65, 58, 55, 54, 49, 46, 45]
24 : 65 => 17 | [105839, 479, 236, 216, 191, 183, 160, 137, 125, 122, 110, 92, 91, 90, 82, 60, 55]
35 : 52 => 12 | [98229, 335, 272, 258, 252, 199, 141, 117, 112, 103, 85, 51]
26 : 101 => 32 | [78473, 2107, 609, 577, 486, 392, 326, 224, 200, 175, 149, 132, 122, 121, 121, 99, 96, 94, 81, 74, 74, 72, 72, 70, 67, 63, 61, 54, 51, 45, 43, 42]
19 : 65 => 19 | [104191, 633, 462, 287, 287, 218, 189, 161, 139, 112, 111, 107, 93, 79, 71, 71, 65, 53, 53]
03 : 131 => 33 | [92585, 857, 828, 799, 692, 566, 289, 276, 199, 185, 169, 156, 153, 140, 125, 122, 122, 115, 103, 98, 93, 90, 89, 83, 72, 68, 68, 66, 65, 64, 58, 57, 47]
27 : 74 => 30 | [89001, 662, 619, 587, 566, 285, 251, 238, 211, 206, 176, 169, 168, 138, 135, 116, 115, 111, 101, 96, 75, 65, 64, 63, 57, 53, 53, 50, 50, 49]
04 : 76 => 16 | [87298, 778, 742, 636, 416, 278, 121, 83, 81, 77, 77, 77, 70, 61, 55, 54]
/_predsToRemove/DRIVE_RETA/2_c00005/ ==> /data/DRIVE_RETA/targetVessels/1024x1024/all/
colorMode : Grayscale
daMode : ['noDA']
imageToTensor length: 40
('imgName', 'TP', 'FP', 'TN', 'FN', 'DICE')
('01.tif', 87150, 16681, 925014, 19731, 0.8271954136451649)
('02.tif', 96434, 23278, 918065, 10799, 0.8498446760228249)
('03.tif', 83548, 22648, 926429, 15951, 0.8123483798828363)
('04.tif', 80926, 22986, 934686, 9978, 0.830794185282523)
('05.tif', 78296, 18047, 938912, 13321, 0.8331134283890189)
('06.tif', 80698, 30774, 926929, 10175, 0.7976278138822308)
('07.tif', 70072, 15122, 946579, 16803, 0.8144639650372816)
('08.tif', 63787, 16062, 949380, 19347, 0.7827442125865888)
('09.tif', 79364, 15272, 944162, 9778, 0.863694239789311)
('10.tif', 75752, 9766, 950575, 12483, 0.8719504123669807)
('11.tif', 84349, 15395, 936191, 12641, 0.8574928583773014)
('12.tif', 82431, 13206, 939452, 13487, 0.8606509879669024)
('13.tif', 96869, 23040, 919186, 9481, 0.8562664910567094)
('14.tif', 77763, 11798, 944713, 14302, 0.8562981070992038)
('15.tif', 73509, 14212, 950849, 10006, 0.8585694596930552)
('16.tif', 86159, 15405, 934755, 12257, 0.8616761676167617)
('17.tif', 76052, 12849, 945709, 13966, 0.8501277114224872)
('18.tif', 91534, 17244, 929759, 10039, 0.8702977404433542)
('19.tif', 97439, 21385, 919809, 9943, 0.861506768167069)
('20.tif', 88218, 21876, 927522, 10960, 0.8430941549753431)
('21.tif', 76751, 12422, 946772, 12631, 0.8596902915068186)
('22.tif', 81571, 25457, 930190, 11358, 0.8158854153643034)
('23.tif', 62506, 15479, 963051, 7540, 0.8444987874161494)
('24.tif', 100816, 37071, 903237, 7452, 0.8191261603461234)
('25.tif', 81983, 31258, 927281, 8054, 0.806609667548874)
('26.tif', 75458, 23205, 939999, 9914, 0.8200396663678104)
('27.tif', 81736, 24127, 929919, 12794, 0.8157570374214668)
('28.tif', 89242, 27642, 919794, 11898, 0.8186438190290977)
('29.tif', 75510, 24175, 936675, 12216, 0.8058224970786133)
('30.tif', 69008, 24882, 942976, 11710, 0.7904334280216256)
('31.tif', 56455, 15233, 965548, 11340, 0.8094893284486282)
('32.tif', 76114, 19938, 938660, 13864, 0.8182981239585013)
('33.tif', 77323, 18985, 938359, 13909, 0.8246027514130319)
('34.tif', 48073, 11567, 980019, 8917, 0.8243676584069279)
('35.tif', 86788, 17045, 931377, 13366, 0.8509169701990813)
('36.tif', 97832, 29931, 911495, 9318, 0.8329211239905837)
('37.tif', 86052, 18321, 931735, 12468, 0.8482500628410049)
('38.tif', 86579, 16262, 928526, 17209, 0.8380140251368394)
('39.tif', 84853, 18064, 926684, 18975, 0.8208469370480543)
('40.tif', 77024, 13548, 936121, 21883, 0.8130083017115353)
('meanDice', 0.833)
