/_predsToRemove/DRIVE_RETA/0/ ==> /_predsToRemove/DRIVE_RETA/0_c001/
18 : 63 => 1 | [102219]
33 : 77 => 2 | [87353, 1005]
08 : 110 => 4 | [83075, 1532, 1495, 1315]
15 : 47 => 1 | [88583]
34 : 192 => 5 | [60224, 1295, 1250, 832, 640]
13 : 50 => 1 | [111048]
12 : 47 => 3 | [50569, 47625, 800]
38 : 63 => 1 | [109432]
11 : 77 => 1 | [97764]
10 : 61 => 1 | [87811]
14 : 58 => 1 | [96064]
23 : 74 => 1 | [74315]
16 : 58 => 1 | [100557]
22 : 69 => 1 | [93695]
28 : 75 => 2 | [101590, 1239]
40 : 95 => 1 | [98907]
32 : 90 => 1 | [89424]
07 : 92 => 1 | [88957]
39 : 78 => 1 | [106902]
06 : 97 => 2 | [90959, 989]
21 : 40 => 1 | [89379]
09 : 49 => 2 | [88960, 1144]
25 : 100 => 1 | [94973]
30 : 106 => 1 | [84428]
17 : 69 => 2 | [89315, 1160]
31 : 97 => 1 | [71235]
01 : 66 => 1 | [109771]
36 : 72 => 1 | [108915]
20 : 83 => 2 | [97752, 1975]
02 : 69 => 2 | [109574, 1480]
05 : 72 => 1 | [92426]
37 : 83 => 1 | [100610]
29 : 96 => 1 | [90674]
24 : 51 => 1 | [116768]
35 : 63 => 1 | [101504]
26 : 97 => 3 | [87228, 1196, 981]
19 : 61 => 1 | [109213]
03 : 113 => 2 | [99114, 1015]
27 : 83 => 1 | [97488]
04 : 78 => 1 | [93451]
/_predsToRemove/DRIVE_RETA/0_c001/ ==> /data/DRIVE_RETA/targetVessels/1024x1024/all/
colorMode : Grayscale
daMode : ['noDA']
imageToTensor length: 40
('imgName', 'TP', 'FP', 'TN', 'FN', 'DICE')
('01.tif', 88337, 15494, 923311, 21434, 0.8271177236168201)
('02.tif', 98673, 21039, 916483, 12381, 0.8551779724916149)
('03.tif', 84076, 22120, 926327, 16053, 0.8149860656730886)
('04.tif', 82152, 21760, 933365, 11299, 0.8324964659029301)
('05.tif', 78912, 17431, 938719, 13514, 0.8360694817475327)
('06.tif', 81112, 30360, 926268, 10836, 0.797483040015731)
('07.tif', 70878, 14316, 945303, 18079, 0.8139832673943876)
('08.tif', 66141, 13708, 947451, 21276, 0.7908481101957361)
('09.tif', 79314, 15322, 943150, 10790, 0.8586554075998701)
('10.tif', 75151, 10367, 950398, 12660, 0.8671486017919678)
('11.tif', 84599, 15145, 935667, 13165, 0.8566640338619195)
('12.tif', 84202, 11435, 938147, 14792, 0.8652475710446949)
('13.tif', 99174, 20735, 916793, 11874, 0.858809215568266)
('14.tif', 79704, 9857, 942655, 16360, 0.8587636363636364)
('15.tif', 75586, 12135, 947858, 12997, 0.8574507668572465)
('16.tif', 87247, 14317, 933702, 13310, 0.8633145492056739)
('17.tif', 76501, 12400, 945701, 13974, 0.8529680670769779)
('18.tif', 92255, 16523, 929834, 9964, 0.8744674094892344)
('19.tif', 98724, 20100, 919263, 10489, 0.865859487714713)
('20.tif', 88446, 21648, 927201, 11281, 0.8430614666787405)
('21.tif', 76948, 12225, 946972, 12431, 0.8619113759577042)
('22.tif', 81955, 25073, 929808, 11740, 0.8165979982363755)
('23.tif', 66132, 11853, 962408, 8183, 0.8684438608010505)
('24.tif', 106133, 31754, 900054, 10635, 0.8335434214918223)
('25.tif', 84938, 28303, 925300, 10035, 0.8158721315569558)
('26.tif', 77513, 21150, 938021, 11892, 0.8243082289384691)
('27.tif', 83264, 22599, 928489, 14224, 0.8189190119546991)
('28.tif', 90300, 26584, 919163, 12529, 0.8219814030121112)
('29.tif', 76792, 22893, 935009, 13882, 0.8068123913237619)
('30.tif', 71026, 22864, 941284, 13402, 0.7966217656097534)
('31.tif', 58101, 13587, 963754, 13134, 0.8130391889339015)
('32.tif', 75570, 20482, 938670, 13854, 0.8148763182298518)
('33.tif', 75658, 20650, 939568, 12700, 0.81940368015769)
('34.tif', 50551, 9089, 975246, 13690, 0.8161219234588032)
('35.tif', 86838, 16995, 930077, 14666, 0.8458095715823256)
('36.tif', 97307, 30456, 909205, 11608, 0.8222732995884704)
('37.tif', 86458, 17915, 930051, 14152, 0.8435626369015967)
('38.tif', 88191, 14650, 924494, 21241, 0.8309205598451052)
('39.tif', 84770, 18147, 923527, 22132, 0.8080297780467927)
('40.tif', 76798, 13774, 935895, 22109, 0.8106228130821885)
('meanDice', 0.835)
/_predsToRemove/DRIVE_RETA/1/ ==> /_predsToRemove/DRIVE_RETA/1_c001/
18 : 74 => 1 | [100671]
33 : 81 => 1 | [91407]
08 : 134 => 3 | [81391, 1586, 1457]
15 : 75 => 2 | [85700, 1143]
34 : 178 => 3 | [59347, 897, 769]
13 : 62 => 1 | [108055]
12 : 62 => 3 | [51061, 47683, 1013]
38 : 78 => 1 | [103953]
11 : 73 => 1 | [99142]
10 : 67 => 1 | [87812]
14 : 72 => 1 | [95277]
23 : 78 => 2 | [71706, 811]
16 : 68 => 1 | [100383]
22 : 81 => 1 | [93662]
28 : 94 => 3 | [100377, 1896, 1042]
40 : 111 => 1 | [99006]
32 : 94 => 1 | [91301]
07 : 130 => 2 | [87139, 1763]
39 : 87 => 1 | [106465]
06 : 85 => 3 | [88698, 1435, 919]
21 : 70 => 3 | [87138, 1898, 1289]
09 : 50 => 2 | [87978, 1028]
25 : 121 => 2 | [90594, 2294]
30 : 116 => 1 | [83537]
17 : 79 => 2 | [89999, 1185]
31 : 136 => 1 | [69955]
01 : 91 => 2 | [108974, 1209]
36 : 98 => 2 | [102361, 1781]
20 : 88 => 1 | [100663]
02 : 85 => 1 | [108430]
05 : 89 => 1 | [91958]
37 : 104 => 1 | [98164]
29 : 137 => 1 | [89701]
24 : 52 => 1 | [112099]
35 : 88 => 1 | [100267]
26 : 137 => 2 | [84308, 972]
19 : 78 => 1 | [107499]
03 : 148 => 3 | [98050, 2908, 1112]
27 : 95 => 2 | [95411, 1025]
04 : 77 => 1 | [91409]
/_predsToRemove/DRIVE_RETA/1_c001/ ==> /data/DRIVE_RETA/targetVessels/1024x1024/all/
colorMode : Grayscale
daMode : ['noDA']
imageToTensor length: 40
('imgName', 'TP', 'FP', 'TN', 'FN', 'DICE')
('01.tif', 88689, 15142, 923251, 21494, 0.8288149373405478)
('02.tif', 96857, 22855, 917291, 11573, 0.8490939853249292)
('03.tif', 84477, 21719, 924787, 17593, 0.8112413932182881)
('04.tif', 81127, 22785, 934382, 10282, 0.8307043277476565)
('05.tif', 78292, 18051, 938567, 13666, 0.8315622328081104)
('06.tif', 80546, 30926, 926598, 10506, 0.7954217771720883)
('07.tif', 70595, 14599, 945075, 18307, 0.8109893392151457)
('08.tif', 64709, 15140, 949002, 19725, 0.7877747545394228)
('09.tif', 78619, 16017, 943553, 10387, 0.8562202546258482)
('10.tif', 74937, 10581, 950183, 12875, 0.8646743206600127)
('11.tif', 84480, 15264, 934170, 14662, 0.849531892642016)
('12.tif', 83865, 11772, 937047, 15892, 0.8584193987532882)
('13.tif', 96885, 23024, 917497, 11170, 0.8500026319945254)
('14.tif', 79071, 10490, 942809, 16206, 0.8555708241811749)
('15.tif', 74980, 12741, 948992, 11863, 0.8590545587864623)
('16.tif', 86632, 14932, 933261, 13751, 0.8579676845905114)
('17.tif', 76585, 12316, 945076, 14599, 0.8505427992336952)
('18.tif', 90866, 17912, 929993, 9805, 0.8676670693104288)
('19.tif', 97266, 21558, 919519, 10233, 0.859532614891107)
('20.tif', 88185, 21909, 926004, 12478, 0.8368405319870752)
('21.tif', 76681, 12492, 945759, 13644, 0.8543939208236303)
('22.tif', 81411, 25617, 929297, 12251, 0.8113109771289053)
('23.tif', 64208, 13777, 962282, 8309, 0.8532511195864507)
('24.tif', 102383, 35504, 900973, 9716, 0.8191098701527285)
('25.tif', 82999, 30242, 925446, 9889, 0.8053112371379088)
('26.tif', 74790, 23873, 939423, 10490, 0.8131866937040279)
('27.tif', 81944, 23919, 928221, 14492, 0.8101275834284896)
('28.tif', 89814, 27070, 918191, 13501, 0.8157530234015595)
('29.tif', 75749, 23936, 934939, 13952, 0.7999429736094537)
('30.tif', 70390, 23500, 941539, 13147, 0.7934530821126435)
('31.tif', 57066, 14622, 963999, 12889, 0.8057722584243485)
('32.tif', 75970, 20082, 937193, 15331, 0.8109824769285787)
('33.tif', 76690, 19618, 937551, 14717, 0.817089737101457)
('34.tif', 48754, 10886, 976677, 12259, 0.8081688810058598)
('35.tif', 86139, 17694, 930615, 14128, 0.8440862322390985)
('36.tif', 94282, 33481, 910953, 9860, 0.813108816110045)
('37.tif', 84952, 19421, 930991, 13212, 0.8388788221411396)
('38.tif', 85546, 17295, 927328, 18407, 0.8273547588421327)
('39.tif', 85609, 17308, 924803, 20856, 0.8177302728983389)
('40.tif', 76867, 13705, 935865, 22139, 0.8109274282880925)
('meanDice', 0.83)
/_predsToRemove/DRIVE_RETA/2/ ==> /_predsToRemove/DRIVE_RETA/2_c001/
18 : 72 => 1 | [98620]
33 : 85 => 1 | [85962]
08 : 171 => 2 | [76267, 1179]
15 : 50 => 2 | [79139, 1370]
34 : 157 => 4 | [52788, 748, 573, 551]
13 : 73 => 2 | [100627, 2027]
12 : 67 => 1 | [93232]
38 : 83 => 1 | [101363]
11 : 83 => 1 | [92918]
10 : 69 => 1 | [84779]
14 : 78 => 1 | [90052]
23 : 197 => 3 | [66514, 1431, 1276]
16 : 73 => 1 | [94775]
22 : 89 => 1 | [87326]
28 : 93 => 3 | [94703, 1194, 1129]
40 : 90 => 1 | [95832]
32 : 99 => 1 | [85132]
07 : 90 => 1 | [85031]
39 : 88 => 1 | [100296]
06 : 117 => 3 | [83345, 1498, 1142]
21 : 60 => 3 | [85634, 1256, 1207]
09 : 64 => 2 | [84811, 1017]
25 : 94 => 2 | [86368, 1104]
30 : 136 => 1 | [74146]
17 : 131 => 1 | [87001]
31 : 126 => 1 | [64973]
01 : 93 => 1 | [103161]
36 : 59 => 3 | [101574, 1838, 1033]
20 : 107 => 2 | [93760, 2016]
02 : 92 => 2 | [104201, 1224]
05 : 100 => 1 | [88438]
37 : 88 => 1 | [96219]
29 : 123 => 1 | [84627]
24 : 65 => 1 | [105839]
35 : 52 => 1 | [98229]
26 : 101 => 2 | [78473, 2107]
19 : 65 => 1 | [104191]
03 : 131 => 1 | [92585]
27 : 74 => 1 | [89001]
04 : 76 => 1 | [87298]
/_predsToRemove/DRIVE_RETA/2_c001/ ==> /data/DRIVE_RETA/targetVessels/1024x1024/all/
colorMode : Grayscale
daMode : ['noDA']
imageToTensor length: 40
('imgName', 'TP', 'FP', 'TN', 'FN', 'DICE')
('01.tif', 85137, 18694, 926721, 18024, 0.822611501893793)
('02.tif', 95506, 24206, 918945, 9919, 0.848425625285937)
('03.tif', 79202, 26994, 928997, 13383, 0.7968769651022986)
('04.tif', 78672, 25240, 936038, 8626, 0.822885832330945)
('05.tif', 76808, 19535, 940603, 11630, 0.8313408846147602)
('06.tif', 77341, 34131, 928460, 8644, 0.7833705566275189)
('07.tif', 69300, 15894, 947651, 15731, 0.81421647819063)
('08.tif', 60724, 19125, 952005, 16722, 0.7721033726437585)
('09.tif', 76834, 17802, 944946, 8994, 0.8515160918521145)
('10.tif', 73340, 12178, 951619, 11439, 0.8613187548811782)
('11.tif', 81708, 18036, 937622, 11210, 0.8482004754440419)
('12.tif', 80738, 14899, 940445, 12494, 0.8549629637473593)
('13.tif', 93860, 26049, 919873, 8794, 0.8434465746777317)
('14.tif', 76491, 13070, 945454, 13561, 0.8517312221275742)
('15.tif', 71174, 16547, 951520, 9335, 0.8461511026570766)
('16.tif', 83902, 17662, 936139, 10873, 0.8546646361650003)
('17.tif', 74074, 14827, 946748, 12927, 0.8422189628315767)
('18.tif', 89802, 18976, 930980, 8818, 0.8659871358450901)
('19.tif', 94996, 23828, 920557, 9195, 0.8519247584243212)
('20.tif', 85967, 24127, 928673, 9809, 0.8351581094865692)
('21.tif', 75934, 13239, 947240, 12163, 0.85670446211993)
('22.tif', 77913, 29115, 932135, 9413, 0.801763791843749)
('23.tif', 61953, 16032, 963323, 7268, 0.8417184082170563)
('24.tif', 99020, 38867, 903870, 6819, 0.8125517999720998)
('25.tif', 80202, 33039, 928065, 7270, 0.7991709555434875)
('26.tif', 72691, 25972, 942024, 7889, 0.8110888570264948)
('27.tif', 78118, 27745, 931830, 10883, 0.8017694391986205)
('28.tif', 86464, 30420, 921130, 10562, 0.8084147538684493)
('29.tif', 73672, 26013, 937936, 10955, 0.7994270584660793)
('30.tif', 64956, 28934, 945496, 9190, 0.7731200457044919)
('31.tif', 55057, 16631, 966972, 9916, 0.805745604086023)
('32.tif', 73415, 22637, 940807, 11717, 0.8103916460614624)
('33.tif', 74210, 22098, 940516, 11752, 0.8142864980523399)
('34.tif', 46242, 13398, 980518, 8418, 0.8091338582677166)
('35.tif', 85365, 18468, 931879, 12864, 0.8449386821866556)
('36.tif', 95522, 32241, 911890, 8923, 0.8227278991249225)
('37.tif', 84551, 19822, 932535, 11668, 0.8430146765573902)
('38.tif', 84834, 18007, 929206, 16529, 0.8308750073455956)
('39.tif', 82585, 20332, 927948, 17711, 0.8127924886695241)
('40.tif', 75484, 15088, 937656, 20348, 0.8098967833308298)
('meanDice', 0.825)
