/_predsToRemove/DRIVE_RETA/0/ ==> /_predsToRemove/DRIVE_RETA/0_c1/
18 : 63 => 1 | [102219]
33 : 77 => 1 | [87353]
08 : 110 => 1 | [83075]
15 : 47 => 1 | [88583]
34 : 192 => 1 | [60224]
13 : 50 => 1 | [111048]
12 : 47 => 1 | [50569]
38 : 63 => 1 | [109432]
11 : 77 => 1 | [97764]
10 : 61 => 1 | [87811]
14 : 58 => 1 | [96064]
23 : 74 => 1 | [74315]
16 : 58 => 1 | [100557]
22 : 69 => 1 | [93695]
28 : 75 => 1 | [101590]
40 : 95 => 1 | [98907]
32 : 90 => 1 | [89424]
07 : 92 => 1 | [88957]
39 : 78 => 1 | [106902]
06 : 97 => 1 | [90959]
21 : 40 => 1 | [89379]
09 : 49 => 1 | [88960]
25 : 100 => 1 | [94973]
30 : 106 => 1 | [84428]
17 : 69 => 1 | [89315]
31 : 97 => 1 | [71235]
01 : 66 => 1 | [109771]
36 : 72 => 1 | [108915]
20 : 83 => 1 | [97752]
02 : 69 => 1 | [109574]
05 : 72 => 1 | [92426]
37 : 83 => 1 | [100610]
29 : 96 => 1 | [90674]
24 : 51 => 1 | [116768]
35 : 63 => 1 | [101504]
26 : 97 => 1 | [87228]
19 : 61 => 1 | [109213]
03 : 113 => 1 | [99114]
27 : 83 => 1 | [97488]
04 : 78 => 1 | [93451]
/_predsToRemove/DRIVE_RETA/0_c1/ ==> /data/DRIVE_RETA/targetVessels/1024x1024/all/
colorMode : Grayscale
daMode : ['noDA']
imageToTensor length: 40
('imgName', 'TP', 'FP', 'TN', 'FN', 'DICE')
('01.tif', 88337, 15494, 923311, 21434, 0.8271177236168201)
('02.tif', 97287, 22425, 916577, 12287, 0.8486082883385815)
('03.tif', 83204, 22992, 926470, 15910, 0.81052067605085)
('04.tif', 82152, 21760, 933365, 11299, 0.8324964659029301)
('05.tif', 78912, 17431, 938719, 13514, 0.8360694817475327)
('06.tif', 80308, 31164, 926453, 10651, 0.7934357879968977)
('07.tif', 70878, 14316, 945303, 18079, 0.8139832673943876)
('08.tif', 63219, 16630, 948871, 19856, 0.7760550931722766)
('09.tif', 78371, 16265, 943351, 10589, 0.8537331968016733)
('10.tif', 75151, 10367, 950398, 12660, 0.8671486017919678)
('11.tif', 84599, 15145, 935667, 13165, 0.8566640338619195)
('12.tif', 43168, 52469, 945538, 7401, 0.5905092814248389)
('13.tif', 99174, 20735, 916793, 11874, 0.858809215568266)
('14.tif', 79704, 9857, 942655, 16360, 0.8587636363636364)
('15.tif', 75586, 12135, 947858, 12997, 0.8574507668572465)
('16.tif', 87247, 14317, 933702, 13310, 0.8633145492056739)
('17.tif', 75519, 13382, 945879, 13796, 0.8474996633298918)
('18.tif', 92255, 16523, 929834, 9964, 0.8744674094892344)
('19.tif', 98724, 20100, 919263, 10489, 0.865859487714713)
('20.tif', 86894, 23200, 927624, 10858, 0.8361382946989598)
('21.tif', 76948, 12225, 946972, 12431, 0.8619113759577042)
('22.tif', 81955, 25073, 929808, 11740, 0.8165979982363755)
('23.tif', 66132, 11853, 962408, 8183, 0.8684438608010505)
('24.tif', 106133, 31754, 900054, 10635, 0.8335434214918223)
('25.tif', 84938, 28303, 925300, 10035, 0.8158721315569558)
('26.tif', 76442, 22221, 939127, 10786, 0.8224389561624823)
('27.tif', 83264, 22599, 928489, 14224, 0.8189190119546991)
('28.tif', 89247, 27637, 919349, 12343, 0.8170033962851415)
('29.tif', 76792, 22893, 935009, 13882, 0.8068123913237619)
('30.tif', 71026, 22864, 941284, 13402, 0.7966217656097534)
('31.tif', 58101, 13587, 963754, 13134, 0.8130391889339015)
('32.tif', 75570, 20482, 938670, 13854, 0.8148763182298518)
('33.tif', 75011, 21297, 939926, 12342, 0.8168418989333609)
('34.tif', 48022, 11618, 976734, 12202, 0.8012747780818261)
('35.tif', 86838, 16995, 930077, 14666, 0.8458095715823256)
('36.tif', 97307, 30456, 909205, 11608, 0.8222732995884704)
('37.tif', 86458, 17915, 930051, 14152, 0.8435626369015967)
('38.tif', 88191, 14650, 924494, 21241, 0.8309205598451052)
('39.tif', 84770, 18147, 923527, 22132, 0.8080297780467927)
('40.tif', 76798, 13774, 935895, 22109, 0.8106228130821885)
('meanDice', 0.826)
/_predsToRemove/DRIVE_RETA/1/ ==> /_predsToRemove/DRIVE_RETA/1_c1/
18 : 74 => 1 | [100671]
33 : 81 => 1 | [91407]
08 : 134 => 1 | [81391]
15 : 75 => 1 | [85700]
34 : 178 => 1 | [59347]
13 : 62 => 1 | [108055]
12 : 62 => 1 | [51061]
38 : 78 => 1 | [103953]
11 : 73 => 1 | [99142]
10 : 67 => 1 | [87812]
14 : 72 => 1 | [95277]
23 : 78 => 1 | [71706]
16 : 68 => 1 | [100383]
22 : 81 => 1 | [93662]
28 : 94 => 1 | [100377]
40 : 111 => 1 | [99006]
32 : 94 => 1 | [91301]
07 : 130 => 1 | [87139]
39 : 87 => 1 | [106465]
06 : 85 => 1 | [88698]
21 : 70 => 1 | [87138]
09 : 50 => 1 | [87978]
25 : 121 => 1 | [90594]
30 : 116 => 1 | [83537]
17 : 79 => 1 | [89999]
31 : 136 => 1 | [69955]
01 : 91 => 1 | [108974]
36 : 98 => 1 | [102361]
20 : 88 => 1 | [100663]
02 : 85 => 1 | [108430]
05 : 89 => 1 | [91958]
37 : 104 => 1 | [98164]
29 : 137 => 1 | [89701]
24 : 52 => 1 | [112099]
35 : 88 => 1 | [100267]
26 : 137 => 1 | [84308]
19 : 78 => 1 | [107499]
03 : 148 => 1 | [98050]
27 : 95 => 1 | [95411]
04 : 77 => 1 | [91409]
/_predsToRemove/DRIVE_RETA/1_c1/ ==> /data/DRIVE_RETA/targetVessels/1024x1024/all/
colorMode : Grayscale
daMode : ['noDA']
imageToTensor length: 40
('imgName', 'TP', 'FP', 'TN', 'FN', 'DICE')
('01.tif', 88184, 15647, 923955, 20790, 0.8287775193252038)
('02.tif', 96857, 22855, 917291, 11573, 0.8490939853249292)
('03.tif', 81161, 25035, 925491, 16889, 0.7947377182417281)
('04.tif', 81127, 22785, 934382, 10282, 0.8307043277476565)
('05.tif', 78292, 18051, 938567, 13666, 0.8315622328081104)
('06.tif', 78606, 32866, 927012, 10092, 0.7853924164460209)
('07.tif', 69405, 15789, 945648, 17734, 0.8054754457938991)
('08.tif', 63059, 16790, 950395, 18332, 0.7821756387993054)
('09.tif', 77721, 16915, 943683, 10257, 0.8512052745134546)
('10.tif', 74937, 10581, 950183, 12875, 0.8646743206600127)
('11.tif', 84480, 15264, 934170, 14662, 0.849531892642016)
('12.tif', 43050, 52587, 944928, 8011, 0.5869200670765791)
('13.tif', 96885, 23024, 917497, 11170, 0.8500026319945254)
('14.tif', 79071, 10490, 942809, 16206, 0.8555708241811749)
('15.tif', 74099, 13622, 949254, 11601, 0.8545562532795913)
('16.tif', 86632, 14932, 933261, 13751, 0.8579676845905114)
('17.tif', 75580, 13321, 945256, 14419, 0.8449413079932924)
('18.tif', 90866, 17912, 929993, 9805, 0.8676670693104288)
('19.tif', 97266, 21558, 919519, 10233, 0.859532614891107)
('20.tif', 88185, 21909, 926004, 12478, 0.8368405319870752)
('21.tif', 74435, 14738, 946700, 12703, 0.8443602497858897)
('22.tif', 81411, 25617, 929297, 12251, 0.8113109771289053)
('23.tif', 63687, 14298, 962572, 8019, 0.8509128805338998)
('24.tif', 102383, 35504, 900973, 9716, 0.8191098701527285)
('25.tif', 80845, 32396, 925586, 9749, 0.7932396300929674)
('26.tif', 74285, 24378, 939890, 10023, 0.8119865989692355)
('27.tif', 81293, 24570, 928595, 14118, 0.8077844132873595)
('28.tif', 87473, 29411, 918788, 12904, 0.8052342574138939)
('29.tif', 75749, 23936, 934939, 13952, 0.7999429736094537)
('30.tif', 70390, 23500, 941539, 13147, 0.7934530821126435)
('31.tif', 57066, 14622, 963999, 12889, 0.8057722584243485)
('32.tif', 75970, 20082, 937193, 15331, 0.8109824769285787)
('33.tif', 76690, 19618, 937551, 14717, 0.817089737101457)
('34.tif', 47786, 11854, 977375, 11561, 0.8032137964651601)
('35.tif', 86139, 17694, 930615, 14128, 0.8440862322390985)
('36.tif', 92861, 34902, 911313, 9500, 0.8070518503067912)
('37.tif', 84952, 19421, 930991, 13212, 0.8388788221411396)
('38.tif', 85546, 17295, 927328, 18407, 0.8273547588421327)
('39.tif', 85609, 17308, 924803, 20856, 0.8177302728983389)
('40.tif', 76867, 13705, 935865, 22139, 0.8109274282880925)
('meanDice', 0.82)
/_predsToRemove/DRIVE_RETA/2/ ==> /_predsToRemove/DRIVE_RETA/2_c1/
18 : 72 => 1 | [98620]
33 : 85 => 1 | [85962]
08 : 171 => 1 | [76267]
15 : 50 => 1 | [79139]
34 : 157 => 1 | [52788]
13 : 73 => 1 | [100627]
12 : 67 => 1 | [93232]
38 : 83 => 1 | [101363]
11 : 83 => 1 | [92918]
10 : 69 => 1 | [84779]
14 : 78 => 1 | [90052]
23 : 197 => 1 | [66514]
16 : 73 => 1 | [94775]
22 : 89 => 1 | [87326]
28 : 93 => 1 | [94703]
40 : 90 => 1 | [95832]
32 : 99 => 1 | [85132]
07 : 90 => 1 | [85031]
39 : 88 => 1 | [100296]
06 : 117 => 1 | [83345]
21 : 60 => 1 | [85634]
09 : 64 => 1 | [84811]
25 : 94 => 1 | [86368]
30 : 136 => 1 | [74146]
17 : 131 => 1 | [87001]
31 : 126 => 1 | [64973]
01 : 93 => 1 | [103161]
36 : 59 => 1 | [101574]
20 : 107 => 1 | [93760]
02 : 92 => 1 | [104201]
05 : 100 => 1 | [88438]
37 : 88 => 1 | [96219]
29 : 123 => 1 | [84627]
24 : 65 => 1 | [105839]
35 : 52 => 1 | [98229]
26 : 101 => 1 | [78473]
19 : 65 => 1 | [104191]
03 : 131 => 1 | [92585]
27 : 74 => 1 | [89001]
04 : 76 => 1 | [87298]
/_predsToRemove/DRIVE_RETA/2_c1/ ==> /data/DRIVE_RETA/targetVessels/1024x1024/all/
colorMode : Grayscale
daMode : ['noDA']
imageToTensor length: 40
('imgName', 'TP', 'FP', 'TN', 'FN', 'DICE')
('01.tif', 85137, 18694, 926721, 18024, 0.822611501893793)
('02.tif', 94339, 25373, 919002, 9862, 0.8426397752698592)
('03.tif', 79202, 26994, 928997, 13383, 0.7968769651022986)
('04.tif', 78672, 25240, 936038, 8626, 0.822885832330945)
('05.tif', 76808, 19535, 940603, 11630, 0.8313408846147602)
('06.tif', 75304, 36168, 929063, 8041, 0.7730742183690335)
('07.tif', 69300, 15894, 947651, 15731, 0.81421647819063)
('08.tif', 59964, 19885, 952424, 16303, 0.7681980066104691)
('09.tif', 75945, 18691, 945074, 8866, 0.8464337659587511)
('10.tif', 73340, 12178, 951619, 11439, 0.8613187548811782)
('11.tif', 81708, 18036, 937622, 11210, 0.8482004754440419)
('12.tif', 80738, 14899, 940445, 12494, 0.8549629637473593)
('13.tif', 92016, 27893, 920056, 8611, 0.8344760039177277)
('14.tif', 76491, 13070, 945454, 13561, 0.8517312221275742)
('15.tif', 69995, 17726, 951711, 9144, 0.8389667985137241)
('16.tif', 83902, 17662, 936139, 10873, 0.8546646361650003)
('17.tif', 74074, 14827, 946748, 12927, 0.8422189628315767)
('18.tif', 89802, 18976, 930980, 8818, 0.8659871358450901)
('19.tif', 94996, 23828, 920557, 9195, 0.8519247584243212)
('20.tif', 84384, 25710, 929106, 9376, 0.8278866247412364)
('21.tif', 73945, 15228, 947714, 11689, 0.8460187521094693)
('22.tif', 77913, 29115, 932135, 9413, 0.801763791843749)
('23.tif', 59682, 18303, 963759, 6832, 0.8260541595443567)
('24.tif', 99020, 38867, 903870, 6819, 0.8125517999720998)
('25.tif', 79218, 34023, 928185, 7150, 0.7937317455625749)
('26.tif', 71087, 27576, 942527, 7386, 0.802626230692801)
('27.tif', 78118, 27745, 931830, 10883, 0.8017694391986205)
('28.tif', 84669, 32215, 921658, 10034, 0.8003232712784812)
('29.tif', 73672, 26013, 937936, 10955, 0.7994270584660793)
('30.tif', 64956, 28934, 945496, 9190, 0.7731200457044919)
('31.tif', 55057, 16631, 966972, 9916, 0.805745604086023)
('32.tif', 73415, 22637, 940807, 11717, 0.8103916460614624)
('33.tif', 74210, 22098, 940516, 11752, 0.8142864980523399)
('34.tif', 44866, 14774, 981014, 7922, 0.798128580069022)
('35.tif', 85365, 18468, 931879, 12864, 0.8449386821866556)
('36.tif', 93118, 34645, 912357, 8456, 0.8120625978363718)
('37.tif', 84551, 19822, 932535, 11668, 0.8430146765573902)
('38.tif', 84834, 18007, 929206, 16529, 0.8308750073455956)
('39.tif', 82585, 20332, 927948, 17711, 0.8127924886695241)
('40.tif', 75484, 15088, 937656, 20348, 0.8098967833308298)
('meanDice', 0.822)
