/_predsToRemove/HRF/0/ ==> /_predsToRemove/HRF/0_c00001/
5 : 118 => 60 | [84289, 540, 312, 220, 176, 174, 174, 107, 95, 92, 85, 78, 76, 67, 61, 61, 59, 53, 47, 46, 46, 45, 43, 42, 42, 41, 39, 39, 38, 34, 34, 34, 32, 32, 28, 28, 25, 22, 22, 20, 19, 19, 18, 18, 16, 15, 15, 15, 15, 13, 13, 12, 12, 11, 10, 10, 10, 10, 9, 9]
18 : 69 => 35 | [100488, 304, 257, 182, 174, 155, 106, 105, 94, 85, 75, 65, 61, 53, 47, 44, 44, 42, 39, 37, 35, 34, 33, 32, 27, 27, 23, 23, 22, 20, 18, 18, 17, 15, 11]
33 : 45 => 25 | [95604, 447, 270, 243, 136, 126, 97, 92, 68, 65, 62, 60, 52, 39, 38, 34, 32, 32, 25, 23, 20, 18, 14, 13, 13]
15 : 54 => 21 | [92255, 171, 142, 120, 112, 77, 59, 57, 57, 53, 31, 25, 21, 18, 16, 16, 15, 14, 12, 11, 10]
34 : 147 => 81 | [71946, 922, 566, 400, 373, 360, 349, 301, 257, 250, 229, 207, 192, 187, 181, 158, 141, 123, 122, 114, 112, 92, 89, 79, 76, 65, 62, 56, 52, 49, 47, 47, 46, 46, 43, 40, 35, 34, 32, 30, 27, 27, 27, 27, 27, 25, 24, 23, 22, 21, 21, 21, 21, 20, 20, 20, 19, 19, 19, 18, 16, 16, 16, 14, 13, 12, 12, 12, 11, 11, 10, 10, 9, 9, 9, 9, 8, 8, 8, 8, 8]
4 : 110 => 54 | [73677, 508, 193, 178, 160, 153, 129, 112, 72, 60, 55, 50, 42, 38, 33, 30, 30, 30, 29, 28, 28, 27, 26, 25, 25, 23, 23, 22, 22, 22, 21, 20, 18, 16, 15, 15, 14, 14, 13, 13, 13, 13, 11, 11, 11, 11, 10, 10, 10, 9, 8, 8, 8, 8]
13 : 52 => 34 | [83197, 199, 130, 110, 99, 93, 91, 87, 86, 63, 63, 60, 58, 50, 45, 42, 40, 39, 38, 35, 30, 29, 26, 25, 22, 20, 19, 19, 18, 16, 15, 14, 12, 10]
9 : 118 => 55 | [92451, 536, 367, 330, 259, 201, 160, 126, 103, 94, 87, 73, 71, 70, 68, 67, 51, 47, 46, 42, 41, 40, 30, 28, 27, 26, 24, 24, 23, 21, 19, 18, 18, 17, 17, 17, 17, 16, 16, 16, 16, 16, 16, 15, 15, 14, 13, 13, 13, 12, 12, 11, 11, 10, 10]
12 : 58 => 16 | [102131, 931, 234, 210, 103, 93, 92, 87, 76, 66, 34, 27, 26, 23, 22, 17]
1 : 130 => 69 | [71480, 480, 325, 296, 269, 260, 244, 243, 157, 142, 124, 114, 99, 97, 91, 74, 68, 62, 48, 44, 40, 40, 40, 39, 39, 37, 36, 35, 35, 34, 34, 33, 31, 31, 29, 27, 26, 26, 25, 24, 23, 22, 19, 19, 19, 17, 16, 16, 16, 15, 15, 14, 14, 14, 14, 13, 13, 13, 13, 11, 10, 10, 10, 10, 9, 9, 8, 8, 8]
2 : 101 => 50 | [81853, 173, 124, 105, 99, 96, 80, 79, 78, 71, 70, 67, 63, 63, 55, 47, 46, 43, 42, 40, 38, 38, 34, 33, 31, 31, 31, 31, 29, 27, 27, 26, 20, 19, 18, 18, 16, 16, 16, 15, 14, 14, 12, 11, 11, 11, 10, 9, 9, 9]
38 : 69 => 35 | [81721, 490, 461, 118, 105, 94, 80, 72, 72, 60, 52, 51, 50, 44, 40, 34, 32, 32, 25, 23, 23, 20, 19, 18, 17, 16, 15, 13, 13, 13, 12, 12, 11, 11, 9]
11 : 87 => 39 | [76586, 725, 356, 233, 226, 224, 178, 162, 160, 123, 59, 58, 49, 48, 44, 44, 41, 40, 36, 36, 36, 32, 32, 24, 24, 20, 19, 19, 16, 16, 16, 15, 15, 15, 13, 13, 10, 8, 8]
10 : 87 => 44 | [65671, 295, 238, 173, 135, 128, 104, 85, 80, 80, 78, 74, 67, 64, 60, 58, 56, 54, 52, 48, 47, 45, 43, 43, 42, 39, 33, 30, 30, 30, 28, 26, 21, 19, 18, 18, 13, 11, 11, 10, 9, 8, 7, 7]
14 : 73 => 39 | [77832, 211, 136, 106, 93, 88, 86, 78, 68, 64, 58, 55, 53, 53, 47, 45, 41, 40, 35, 31, 28, 27, 25, 21, 16, 14, 13, 12, 12, 11, 10, 10, 9, 9, 9, 9, 8, 8, 8]
23 : 84 => 46 | [79215, 488, 264, 186, 148, 118, 116, 103, 99, 81, 81, 77, 76, 48, 47, 43, 42, 40, 38, 37, 32, 31, 29, 29, 25, 25, 22, 22, 21, 21, 19, 17, 16, 15, 14, 14, 11, 11, 10, 10, 10, 9, 9, 9, 9, 9]
16 : 147 => 85 | [85598, 687, 437, 436, 350, 310, 292, 199, 160, 156, 132, 131, 130, 112, 105, 99, 93, 92, 88, 84, 83, 80, 79, 75, 72, 67, 65, 60, 58, 57, 56, 54, 53, 53, 53, 52, 52, 50, 49, 47, 47, 46, 45, 43, 42, 40, 40, 40, 40, 39, 38, 38, 37, 37, 36, 35, 34, 28, 26, 24, 23, 19, 19, 17, 17, 17, 16, 16, 14, 14, 13, 13, 13, 12, 12, 12, 11, 11, 10, 10, 10, 10, 10, 9, 9]
22 : 118 => 56 | [81257, 843, 392, 201, 183, 177, 139, 122, 114, 114, 106, 103, 100, 100, 97, 82, 80, 55, 52, 46, 46, 44, 42, 40, 38, 36, 36, 33, 32, 32, 31, 28, 28, 25, 25, 24, 24, 24, 22, 21, 19, 18, 16, 16, 14, 14, 12, 12, 11, 11, 11, 10, 10, 10, 9, 9]
28 : 68 => 29 | [99130, 405, 357, 119, 118, 114, 83, 50, 44, 36, 33, 33, 33, 32, 30, 30, 25, 21, 19, 18, 17, 17, 16, 16, 15, 13, 11, 10, 10]
40 : 128 => 75 | [80877, 1503, 534, 391, 340, 253, 179, 175, 173, 120, 111, 111, 103, 99, 99, 95, 93, 89, 86, 78, 76, 70, 62, 57, 57, 55, 54, 50, 50, 50, 48, 42, 41, 40, 40, 39, 35, 35, 33, 32, 32, 32, 30, 29, 28, 27, 25, 23, 23, 23, 22, 21, 21, 19, 19, 19, 18, 18, 17, 16, 15, 14, 14, 14, 13, 13, 13, 12, 11, 11, 10, 10, 10, 9, 9]
32 : 84 => 42 | [85517, 426, 234, 138, 138, 101, 91, 91, 84, 71, 71, 64, 64, 61, 56, 38, 38, 37, 33, 32, 29, 29, 28, 26, 26, 24, 22, 19, 14, 14, 14, 13, 13, 12, 12, 12, 11, 10, 10, 10, 9, 9]
3 : 102 => 49 | [89773, 373, 307, 242, 146, 126, 115, 101, 92, 77, 75, 74, 71, 67, 54, 51, 44, 41, 38, 34, 32, 32, 25, 25, 24, 24, 22, 20, 19, 18, 18, 18, 17, 17, 15, 15, 14, 14, 13, 13, 13, 12, 12, 11, 11, 10, 10, 9, 9]
39 : 55 => 30 | [88322, 2408, 877, 494, 317, 213, 130, 112, 104, 103, 87, 65, 59, 52, 49, 46, 37, 36, 35, 31, 25, 22, 20, 19, 16, 15, 12, 10, 10, 9]
21 : 80 => 37 | [89940, 589, 303, 217, 189, 145, 132, 124, 122, 121, 104, 96, 93, 92, 69, 41, 38, 35, 32, 30, 29, 27, 26, 26, 26, 24, 24, 24, 19, 18, 14, 13, 12, 12, 12, 10, 10]
41 : 100 => 48 | [83191, 256, 243, 220, 210, 165, 129, 123, 113, 95, 89, 76, 66, 65, 65, 60, 55, 50, 47, 45, 44, 38, 37, 34, 34, 31, 30, 30, 26, 26, 25, 24, 24, 23, 19, 19, 17, 17, 15, 12, 10, 10, 10, 10, 10, 10, 9, 9]
25 : 115 => 57 | [68703, 711, 617, 284, 278, 165, 145, 135, 123, 117, 114, 100, 97, 90, 75, 73, 68, 64, 63, 59, 56, 56, 56, 52, 50, 49, 46, 44, 38, 27, 25, 25, 24, 24, 24, 24, 22, 22, 21, 20, 20, 19, 14, 13, 12, 11, 11, 10, 10, 9, 8, 8, 8, 7, 7, 7, 7]
7 : 160 => 89 | [68230, 1645, 328, 311, 225, 182, 170, 150, 134, 121, 109, 105, 78, 75, 70, 66, 59, 58, 54, 53, 52, 49, 49, 45, 43, 43, 42, 40, 40, 40, 39, 39, 39, 38, 37, 36, 35, 34, 33, 31, 29, 27, 26, 26, 26, 25, 24, 24, 24, 23, 21, 20, 18, 18, 17, 16, 16, 15, 15, 15, 14, 14, 14, 12, 12, 11, 11, 11, 11, 11, 9, 9, 9, 9, 9, 9, 8, 8, 8, 8, 8, 8, 8, 7, 7, 7, 7, 7, 7]
30 : 99 => 54 | [85857, 175, 154, 143, 102, 86, 84, 83, 80, 77, 75, 72, 71, 68, 63, 55, 54, 54, 53, 48, 46, 43, 40, 40, 39, 35, 31, 29, 28, 28, 27, 27, 27, 26, 22, 22, 20, 20, 20, 16, 16, 13, 13, 13, 11, 11, 10, 10, 9, 9, 9, 9, 9, 9]
8 : 124 => 61 | [66298, 173, 146, 137, 135, 125, 124, 123, 122, 118, 116, 113, 96, 94, 91, 83, 67, 61, 60, 57, 55, 52, 46, 40, 39, 36, 35, 32, 32, 27, 24, 23, 23, 20, 19, 18, 17, 17, 16, 16, 14, 14, 14, 13, 13, 12, 12, 10, 10, 9, 9, 9, 9, 9, 9, 9, 8, 7, 7, 7, 7]
17 : 90 => 43 | [78307, 630, 223, 181, 176, 171, 150, 139, 113, 88, 86, 63, 59, 56, 55, 52, 45, 45, 43, 32, 31, 30, 25, 24, 22, 20, 19, 18, 13, 13, 12, 12, 11, 11, 10, 10, 9, 9, 9, 9, 9, 8, 8]
31 : 83 => 38 | [94579, 301, 160, 153, 139, 134, 133, 80, 69, 64, 61, 55, 54, 47, 42, 40, 40, 29, 28, 26, 22, 20, 20, 19, 19, 19, 19, 17, 17, 17, 15, 13, 13, 13, 10, 10, 10, 10]
36 : 52 => 33 | [54934, 49218, 510, 420, 278, 169, 162, 126, 117, 90, 81, 79, 76, 55, 47, 47, 34, 27, 25, 19, 18, 17, 16, 15, 12, 11, 10, 10, 9, 8, 8, 6, 6]
20 : 113 => 58 | [75095, 255, 219, 205, 152, 119, 102, 95, 78, 78, 67, 63, 60, 58, 58, 57, 55, 48, 48, 47, 43, 40, 34, 34, 31, 27, 27, 26, 25, 25, 24, 23, 23, 22, 21, 20, 20, 19, 19, 19, 16, 15, 15, 15, 14, 13, 13, 13, 12, 12, 12, 11, 9, 9, 9, 8, 8, 8]
43 : 135 => 59 | [76073, 806, 450, 273, 220, 208, 207, 175, 165, 116, 112, 105, 97, 80, 76, 74, 73, 73, 71, 64, 63, 61, 57, 56, 53, 50, 50, 45, 45, 43, 40, 39, 38, 37, 35, 35, 34, 33, 30, 30, 29, 26, 25, 24, 24, 22, 21, 17, 17, 16, 15, 14, 13, 12, 11, 10, 10, 9, 9]
37 : 85 => 53 | [73420, 273, 223, 192, 178, 155, 142, 126, 119, 115, 102, 98, 97, 97, 81, 68, 62, 56, 55, 55, 54, 51, 50, 42, 41, 40, 39, 34, 34, 32, 27, 26, 25, 23, 22, 22, 20, 19, 17, 17, 17, 14, 14, 13, 12, 12, 10, 10, 9, 9, 9, 8, 8]
29 : 82 => 40 | [76359, 1059, 280, 211, 200, 170, 125, 99, 85, 85, 78, 69, 61, 52, 49, 48, 47, 39, 29, 28, 28, 27, 27, 27, 27, 27, 25, 22, 20, 18, 18, 15, 15, 11, 9, 8, 8, 8, 8, 8]
6 : 93 => 31 | [93586, 223, 83, 78, 77, 77, 69, 65, 54, 53, 47, 45, 45, 43, 42, 40, 37, 34, 31, 25, 23, 21, 19, 15, 14, 13, 13, 13, 13, 11, 10]
24 : 102 => 40 | [94639, 405, 325, 214, 177, 165, 164, 136, 122, 113, 96, 94, 70, 63, 59, 58, 56, 49, 42, 41, 41, 40, 34, 30, 29, 27, 27, 22, 21, 20, 19, 18, 17, 16, 16, 15, 14, 14, 12, 12]
35 : 89 => 41 | [88777, 438, 293, 229, 211, 192, 185, 141, 139, 96, 81, 73, 61, 38, 38, 37, 30, 22, 21, 20, 20, 18, 15, 14, 14, 14, 13, 13, 13, 12, 12, 11, 11, 11, 10, 10, 9, 9, 9, 9, 9]
26 : 113 => 55 | [76241, 483, 406, 128, 124, 120, 88, 87, 78, 70, 69, 66, 63, 55, 55, 54, 54, 53, 49, 47, 43, 42, 42, 42, 41, 40, 39, 37, 35, 34, 31, 27, 27, 26, 25, 24, 21, 20, 20, 19, 18, 18, 16, 16, 16, 13, 12, 11, 10, 10, 10, 10, 9, 8, 8]
45 : 79 => 29 | [78798, 517, 362, 276, 227, 174, 154, 131, 116, 69, 50, 47, 43, 38, 34, 26, 24, 22, 19, 16, 14, 13, 12, 12, 11, 10, 10, 10, 10]
42 : 68 => 31 | [93359, 250, 230, 140, 131, 130, 111, 99, 91, 65, 63, 61, 55, 48, 44, 43, 42, 42, 38, 34, 34, 31, 29, 23, 21, 18, 17, 13, 12, 11, 11]
44 : 90 => 45 | [82550, 2052, 237, 123, 87, 82, 80, 67, 62, 60, 59, 49, 49, 46, 46, 45, 45, 36, 32, 32, 29, 29, 27, 26, 24, 22, 22, 21, 20, 20, 18, 18, 17, 17, 15, 13, 11, 10, 10, 10, 10, 10, 9, 9, 9]
19 : 89 => 41 | [88798, 553, 364, 306, 242, 193, 163, 120, 110, 100, 98, 96, 93, 87, 76, 67, 62, 58, 49, 46, 38, 38, 37, 37, 36, 36, 35, 28, 26, 25, 25, 24, 22, 21, 20, 16, 16, 14, 9, 9, 9]
27 : 86 => 45 | [79905, 116, 101, 81, 81, 80, 70, 70, 65, 61, 61, 59, 53, 52, 46, 45, 45, 43, 40, 38, 36, 35, 30, 26, 25, 24, 23, 23, 22, 21, 19, 18, 17, 15, 15, 15, 14, 12, 11, 11, 11, 10, 8, 8, 8]
/_predsToRemove/HRF/0_c00001/ ==> /data/HRF/targetVessels/1024x1024/all/
colorMode : Grayscale
daMode : ['noDA']
imageToTensor length: 45
('imgName', 'TP', 'FP', 'TN', 'FN', 'DICE')
('1.tif', 49401, 12969, 959831, 26375, 0.7151998610166056)
('10.tif', 60167, 8462, 971926, 8021, 0.879525205201108)
('11.tif', 67306, 11079, 957718, 12473, 0.8510912723502188)
('12.tif', 97216, 12828, 931576, 6956, 0.9076446203831646)
('13.tif', 67666, 8623, 955053, 17234, 0.8395858278170346)
('14.tif', 68193, 10906, 958191, 11286, 0.8600562499211745)
('15.tif', 88233, 17102, 938182, 5059, 0.8884290655348971)
('16.tif', 74404, 19074, 937504, 17594, 0.8023032629558541)
('17.tif', 69570, 13261, 954259, 11486, 0.8489996155887899)
('18.tif', 98024, 21421, 924343, 4788, 0.8820779548000738)
('19.tif', 78626, 15040, 941334, 13576, 0.8460412766049024)
('2.tif', 64046, 18274, 946384, 19872, 0.770533812966951)
('20.tif', 66744, 13458, 957425, 10949, 0.8454225909623484)
('21.tif', 87736, 16417, 939321, 5102, 0.8907615068708723)
('22.tif', 73199, 17629, 945751, 11997, 0.831693405444712)
('23.tif', 69687, 14225, 952555, 12109, 0.8410819031066695)
('24.tif', 93799, 23686, 927358, 3733, 0.8724798504304311)
('25.tif', 63275, 18321, 957288, 9692, 0.818759987836675)
('26.tif', 67363, 14567, 954799, 11847, 0.8360804269579248)
('27.tif', 75847, 16967, 950040, 5722, 0.8698898401793753)
('28.tif', 85026, 19458, 928263, 15829, 0.8281524698182031)
('29.tif', 66880, 14013, 955034, 12649, 0.833800850257446)
('3.tif', 85788, 33947, 922236, 6605, 0.8088324030773872)
('30.tif', 82478, 20469, 939916, 5713, 0.8630204354968661)
('31.tif', 83552, 18936, 933123, 12965, 0.8396974950378131)
('32.tif', 75979, 17077, 943748, 11772, 0.8404431244365539)
('33.tif', 91645, 17384, 933569, 5978, 0.8869500416158566)
('34.tif', 66376, 17316, 952073, 12811, 0.8150344734434765)
('35.tif', 79794, 21081, 936117, 11584, 0.8300936786422058)
('36.tif', 100967, 20637, 921279, 5693, 0.8846511057372165)
('37.tif', 66224, 16619, 955463, 10270, 0.8312444692695357)
('38.tif', 68345, 15526, 949172, 15533, 0.8148483746549905)
('39.tif', 86392, 15356, 939485, 7343, 0.8838824859450694)
('4.tif', 60699, 17115, 955311, 15451, 0.7884830220051441)
('40.tif', 73044, 20071, 941390, 14071, 0.8105642789768629)
('41.tif', 69191, 17355, 945255, 16775, 0.8021586904099425)
('42.tif', 86316, 15840, 937440, 8980, 0.8742985637015579)
('43.tif', 65246, 13339, 954521, 15470, 0.8191536776291423)
('44.tif', 71021, 17942, 944369, 15244, 0.8106124591960189)
('45.tif', 74247, 17537, 949794, 6998, 0.8582029601974236)
('5.tif', 72298, 18748, 942061, 15469, 0.8086436668474887)
('6.tif', 89757, 25197, 928460, 5162, 0.8553458520152664)
('7.tif', 58322, 14600, 960251, 15403, 0.7954066568017075)
('8.tif', 54685, 15786, 963653, 14452, 0.7834078276316544)
('9.tif', 89154, 33051, 919624, 6747, 0.8175290913592473)
('meanDice', 0.837)
/_predsToRemove/HRF/1/ ==> /_predsToRemove/HRF/1_c00001/
5 : 88 => 42 | [84065, 331, 196, 196, 187, 157, 116, 103, 101, 100, 69, 65, 62, 58, 50, 49, 45, 43, 42, 39, 35, 34, 33, 33, 30, 28, 28, 27, 24, 24, 20, 18, 18, 17, 16, 15, 12, 12, 10, 10, 10, 9]
18 : 57 => 32 | [102774, 510, 273, 163, 125, 116, 115, 102, 87, 79, 77, 67, 59, 49, 48, 48, 43, 42, 39, 36, 33, 32, 29, 25, 25, 25, 23, 21, 21, 18, 17, 15]
33 : 39 => 22 | [96212, 614, 255, 213, 126, 90, 73, 64, 52, 36, 35, 29, 23, 21, 20, 17, 17, 15, 14, 14, 10, 10]
15 : 33 => 16 | [94109, 153, 132, 130, 84, 83, 74, 65, 64, 57, 50, 41, 36, 21, 16, 11]
34 : 131 => 75 | [71418, 563, 380, 343, 335, 327, 263, 252, 244, 186, 184, 180, 177, 137, 132, 127, 124, 123, 112, 112, 108, 105, 97, 89, 88, 88, 88, 80, 79, 77, 75, 74, 71, 69, 66, 60, 57, 54, 50, 48, 45, 44, 42, 38, 36, 34, 29, 28, 26, 26, 22, 21, 21, 21, 20, 20, 20, 18, 17, 17, 16, 15, 15, 14, 13, 12, 12, 11, 10, 10, 9, 9, 9, 9, 8]
4 : 114 => 53 | [74617, 608, 497, 208, 159, 158, 150, 119, 97, 95, 90, 72, 52, 48, 45, 42, 41, 40, 37, 36, 35, 35, 32, 32, 30, 30, 29, 29, 28, 28, 26, 26, 25, 25, 25, 24, 23, 23, 16, 16, 15, 13, 13, 13, 12, 11, 11, 10, 10, 10, 10, 9, 8]
13 : 73 => 39 | [81756, 271, 224, 207, 182, 137, 116, 115, 112, 93, 74, 70, 52, 46, 42, 39, 36, 35, 30, 25, 24, 24, 24, 22, 21, 19, 16, 15, 15, 14, 14, 13, 13, 13, 11, 10, 10, 9, 9]
9 : 91 => 40 | [94202, 373, 169, 116, 112, 74, 71, 69, 63, 54, 49, 47, 47, 43, 42, 39, 27, 26, 24, 24, 24, 21, 20, 19, 19, 17, 17, 16, 15, 15, 13, 13, 12, 11, 11, 11, 10, 10, 10, 10]
12 : 40 => 16 | [103034, 916, 191, 177, 107, 100, 90, 68, 63, 57, 51, 38, 30, 29, 15, 11]
1 : 118 => 59 | [71803, 315, 276, 237, 213, 158, 141, 97, 92, 92, 88, 85, 72, 62, 54, 51, 49, 46, 43, 41, 40, 40, 36, 35, 33, 33, 32, 31, 30, 29, 27, 27, 25, 24, 22, 21, 21, 20, 20, 19, 18, 18, 18, 17, 17, 15, 15, 15, 13, 12, 11, 10, 10, 10, 10, 10, 9, 9, 8]
2 : 93 => 38 | [80341, 193, 175, 133, 108, 83, 79, 73, 66, 61, 56, 55, 54, 53, 50, 48, 45, 36, 26, 26, 24, 23, 23, 20, 19, 18, 18, 17, 16, 16, 15, 13, 12, 12, 10, 9, 9, 9]
38 : 74 => 24 | [80783, 108, 101, 80, 64, 62, 50, 38, 38, 37, 36, 32, 30, 30, 30, 23, 23, 23, 23, 16, 16, 11, 11, 9]
11 : 58 => 35 | [74278, 653, 340, 214, 180, 153, 152, 144, 130, 99, 78, 73, 69, 60, 50, 45, 38, 32, 31, 31, 24, 21, 21, 20, 19, 18, 17, 16, 14, 14, 11, 10, 8, 8, 8]
10 : 86 => 50 | [64439, 821, 254, 144, 125, 120, 97, 97, 91, 90, 77, 75, 69, 68, 65, 61, 60, 57, 56, 52, 52, 49, 48, 39, 36, 33, 33, 32, 32, 22, 21, 19, 19, 19, 18, 18, 17, 16, 15, 14, 14, 14, 12, 10, 9, 9, 8, 8, 7, 7]
14 : 76 => 46 | [74473, 841, 184, 112, 108, 99, 90, 88, 86, 83, 77, 72, 59, 58, 57, 53, 50, 48, 44, 41, 35, 33, 30, 28, 26, 25, 20, 20, 19, 19, 17, 16, 16, 15, 15, 15, 15, 14, 14, 14, 12, 11, 11, 10, 9, 8]
23 : 100 => 48 | [77485, 469, 198, 195, 142, 128, 101, 100, 86, 85, 84, 80, 77, 75, 63, 60, 60, 45, 45, 43, 38, 36, 32, 32, 30, 26, 24, 23, 23, 23, 22, 21, 21, 18, 16, 16, 15, 14, 14, 13, 11, 11, 10, 9, 9, 8, 8, 8]
16 : 127 => 89 | [84468, 515, 332, 326, 287, 265, 218, 177, 168, 165, 144, 138, 123, 118, 107, 98, 98, 98, 96, 89, 83, 81, 70, 63, 62, 62, 61, 60, 58, 58, 58, 53, 52, 51, 48, 47, 46, 46, 46, 44, 44, 43, 43, 42, 38, 37, 36, 35, 33, 32, 32, 32, 30, 29, 27, 27, 26, 24, 24, 23, 23, 22, 22, 21, 20, 20, 18, 18, 18, 17, 16, 16, 15, 14, 14, 13, 12, 12, 12, 11, 11, 10, 10, 10, 10, 9, 9, 9, 9]
22 : 100 => 56 | [82031, 401, 199, 146, 128, 125, 118, 112, 95, 87, 73, 72, 62, 60, 45, 44, 44, 44, 42, 41, 37, 36, 33, 33, 32, 31, 29, 27, 27, 27, 26, 26, 25, 21, 20, 20, 19, 18, 16, 16, 15, 15, 15, 14, 13, 13, 12, 11, 11, 11, 10, 9, 9, 9, 9, 9]
28 : 79 => 38 | [96709, 346, 330, 120, 108, 95, 92, 90, 85, 69, 64, 58, 57, 53, 45, 42, 42, 40, 40, 37, 36, 34, 29, 29, 26, 24, 20, 20, 18, 15, 15, 13, 13, 12, 12, 11, 11, 10]
40 : 131 => 74 | [81083, 251, 218, 213, 207, 199, 194, 183, 180, 146, 135, 130, 115, 92, 91, 86, 85, 80, 76, 75, 71, 68, 66, 65, 59, 54, 52, 44, 44, 43, 42, 40, 37, 34, 34, 34, 33, 31, 28, 28, 27, 27, 27, 26, 26, 25, 22, 21, 20, 20, 20, 20, 20, 19, 18, 17, 16, 16, 16, 16, 15, 15, 14, 14, 13, 13, 11, 11, 11, 11, 10, 9, 9, 9]
32 : 74 => 32 | [83630, 441, 313, 272, 137, 92, 73, 66, 57, 55, 43, 40, 34, 32, 30, 24, 19, 19, 18, 18, 16, 15, 13, 12, 11, 11, 11, 11, 10, 9, 9, 9]
3 : 74 => 35 | [87774, 828, 150, 139, 127, 114, 103, 71, 67, 66, 66, 66, 58, 57, 55, 50, 41, 39, 38, 34, 33, 28, 24, 24, 20, 19, 18, 16, 16, 15, 12, 11, 11, 11, 10]
39 : 56 => 31 | [94335, 855, 352, 178, 158, 112, 88, 86, 85, 73, 68, 64, 62, 62, 56, 49, 49, 39, 37, 36, 34, 34, 34, 28, 24, 24, 17, 15, 12, 12, 11]
21 : 90 => 48 | [87969, 274, 267, 192, 150, 133, 112, 109, 84, 64, 59, 57, 56, 50, 50, 44, 41, 39, 39, 37, 36, 35, 34, 27, 26, 23, 23, 22, 22, 21, 20, 20, 20, 19, 19, 17, 13, 11, 11, 11, 11, 11, 10, 10, 9, 9, 9, 9]
41 : 93 => 47 | [80372, 377, 192, 168, 162, 119, 108, 107, 96, 94, 87, 78, 77, 70, 66, 65, 61, 54, 54, 47, 47, 45, 42, 37, 36, 35, 33, 31, 25, 24, 23, 23, 22, 21, 19, 19, 19, 18, 15, 14, 12, 11, 10, 9, 9, 9, 9]
25 : 125 => 70 | [69615, 798, 599, 246, 165, 147, 108, 104, 101, 90, 84, 81, 75, 72, 68, 68, 62, 60, 53, 51, 51, 49, 49, 49, 45, 44, 42, 40, 36, 35, 34, 34, 32, 30, 28, 27, 26, 23, 23, 19, 19, 19, 19, 18, 17, 16, 16, 15, 15, 14, 14, 13, 13, 13, 12, 12, 11, 11, 11, 10, 9, 9, 9, 9, 8, 7, 7, 7, 7, 7]
7 : 142 => 76 | [68342, 852, 393, 378, 334, 220, 208, 206, 189, 143, 121, 103, 101, 98, 87, 85, 83, 79, 72, 72, 49, 49, 48, 47, 45, 42, 39, 38, 37, 36, 36, 34, 33, 32, 31, 31, 30, 28, 28, 25, 24, 23, 23, 23, 21, 21, 18, 18, 17, 17, 15, 13, 13, 13, 13, 13, 12, 12, 11, 11, 11, 11, 10, 9, 9, 9, 9, 9, 8, 8, 8, 7, 7, 7, 7, 7]
30 : 102 => 55 | [85285, 519, 207, 167, 113, 80, 74, 71, 67, 64, 62, 62, 59, 58, 57, 55, 55, 54, 50, 48, 47, 44, 42, 41, 39, 39, 38, 37, 33, 32, 32, 31, 29, 28, 28, 26, 22, 22, 21, 17, 17, 17, 17, 17, 15, 15, 14, 13, 11, 10, 10, 9, 9, 9, 9]
8 : 127 => 74 | [63369, 266, 237, 185, 176, 149, 134, 121, 116, 92, 86, 76, 76, 65, 63, 55, 55, 53, 53, 49, 46, 45, 39, 39, 38, 37, 35, 35, 30, 28, 28, 28, 27, 25, 21, 20, 20, 20, 20, 20, 19, 18, 18, 15, 15, 15, 15, 14, 13, 13, 12, 12, 11, 11, 11, 10, 10, 10, 9, 9, 9, 9, 8, 8, 8, 8, 8, 8, 7, 7, 7, 7, 7, 7]
17 : 76 => 42 | [79532, 179, 146, 99, 90, 73, 67, 66, 65, 52, 50, 50, 48, 43, 40, 38, 31, 29, 28, 27, 25, 24, 23, 22, 22, 18, 16, 14, 14, 14, 11, 11, 11, 11, 10, 9, 9, 9, 8, 8, 8, 8]
31 : 81 => 39 | [91326, 891, 182, 170, 139, 115, 114, 72, 63, 61, 59, 59, 55, 47, 47, 41, 35, 34, 31, 27, 26, 21, 21, 21, 20, 19, 18, 17, 15, 15, 15, 14, 14, 11, 11, 10, 10, 10, 10]
36 : 46 => 34 | [56105, 50445, 698, 436, 333, 201, 179, 127, 114, 86, 77, 68, 63, 57, 57, 54, 46, 41, 38, 25, 17, 15, 14, 10, 9, 9, 9, 8, 7, 7, 6, 6, 6, 6]
20 : 90 => 44 | [73640, 253, 178, 170, 157, 127, 108, 106, 97, 77, 71, 69, 52, 46, 44, 43, 43, 41, 39, 39, 37, 33, 33, 30, 26, 23, 23, 21, 21, 20, 18, 18, 17, 16, 15, 14, 14, 13, 12, 12, 12, 11, 10, 9]
43 : 152 => 75 | [73431, 852, 447, 363, 257, 226, 188, 178, 149, 146, 113, 111, 91, 88, 79, 72, 66, 65, 64, 61, 61, 61, 57, 55, 54, 52, 50, 48, 44, 44, 42, 41, 41, 37, 36, 36, 33, 33, 33, 32, 31, 31, 31, 29, 28, 27, 27, 26, 26, 24, 24, 23, 23, 22, 20, 19, 19, 19, 18, 16, 16, 15, 14, 13, 12, 12, 11, 11, 11, 10, 9, 9, 9, 9, 9]
37 : 105 => 70 | [71438, 714, 277, 229, 184, 169, 161, 149, 134, 133, 127, 110, 108, 107, 106, 90, 90, 88, 87, 81, 68, 64, 64, 60, 54, 52, 48, 46, 46, 42, 41, 39, 37, 35, 33, 31, 31, 30, 30, 26, 26, 24, 24, 22, 22, 20, 20, 18, 18, 17, 17, 17, 16, 16, 16, 15, 15, 15, 14, 13, 13, 12, 12, 12, 11, 10, 9, 9, 8, 8]
29 : 97 => 54 | [74980, 437, 250, 224, 123, 117, 105, 101, 81, 72, 54, 52, 41, 39, 39, 39, 37, 36, 35, 34, 34, 34, 33, 33, 32, 32, 31, 31, 29, 28, 27, 25, 23, 23, 21, 18, 17, 16, 15, 15, 13, 12, 12, 12, 11, 11, 11, 11, 10, 10, 10, 9, 9, 8]
6 : 70 => 33 | [93084, 370, 106, 79, 74, 70, 67, 65, 60, 54, 49, 47, 40, 34, 31, 31, 29, 29, 27, 23, 23, 21, 19, 18, 18, 17, 15, 13, 12, 11, 11, 10, 10]
24 : 76 => 45 | [100175, 427, 194, 170, 119, 99, 85, 71, 66, 60, 53, 51, 50, 41, 41, 41, 37, 33, 33, 32, 29, 27, 27, 26, 26, 24, 23, 23, 22, 22, 21, 19, 18, 18, 17, 15, 15, 15, 15, 14, 13, 12, 11, 11, 11]
35 : 72 => 36 | [87022, 593, 430, 170, 114, 105, 97, 94, 87, 76, 72, 59, 58, 57, 57, 55, 53, 39, 36, 34, 34, 31, 23, 21, 21, 20, 17, 17, 15, 14, 13, 13, 12, 12, 10, 10]
26 : 114 => 61 | [74829, 138, 117, 103, 99, 97, 94, 89, 83, 78, 76, 76, 75, 74, 74, 73, 61, 58, 51, 51, 50, 49, 46, 43, 41, 39, 39, 35, 35, 31, 29, 28, 24, 22, 21, 21, 21, 19, 17, 17, 17, 16, 16, 15, 15, 14, 14, 13, 13, 12, 12, 12, 10, 10, 9, 9, 9, 9, 9, 8, 8]
45 : 64 => 34 | [79659, 577, 520, 270, 261, 193, 152, 124, 107, 79, 63, 56, 55, 54, 50, 46, 41, 27, 20, 19, 17, 15, 14, 13, 13, 12, 11, 10, 10, 9, 9, 8, 8, 8]
42 : 55 => 28 | [97769, 279, 190, 175, 148, 134, 95, 87, 86, 82, 79, 69, 60, 54, 54, 47, 42, 34, 31, 31, 30, 29, 26, 23, 17, 15, 14, 14]
44 : 81 => 38 | [81864, 2044, 198, 92, 89, 88, 80, 75, 71, 68, 64, 63, 58, 53, 48, 43, 38, 38, 35, 34, 34, 33, 29, 29, 25, 25, 24, 20, 20, 20, 19, 19, 16, 11, 10, 10, 9, 9]
19 : 85 => 50 | [88342, 304, 268, 224, 136, 134, 117, 115, 91, 90, 70, 60, 60, 60, 59, 59, 51, 50, 45, 43, 43, 43, 39, 39, 35, 35, 34, 33, 33, 32, 27, 26, 24, 23, 22, 22, 22, 21, 20, 17, 17, 16, 16, 16, 14, 13, 13, 10, 10, 9]
27 : 81 => 41 | [79074, 751, 173, 142, 108, 108, 100, 99, 83, 74, 68, 59, 59, 55, 54, 48, 47, 45, 42, 40, 38, 36, 34, 34, 34, 32, 32, 28, 28, 27, 27, 26, 25, 24, 18, 18, 16, 16, 15, 9, 9]
/_predsToRemove/HRF/1_c00001/ ==> /data/HRF/targetVessels/1024x1024/all/
colorMode : Grayscale
daMode : ['noDA']
imageToTensor length: 45
('imgName', 'TP', 'FP', 'TN', 'FN', 'DICE')
('1.tif', 49593, 12777, 960974, 25232, 0.7229563759612231)
('10.tif', 59882, 8747, 972261, 7686, 0.8793438915688304)
('11.tif', 66805, 11580, 959917, 10274, 0.8594272629033088)
('12.tif', 98165, 11879, 931720, 6812, 0.9130736067639905)
('13.tif', 67696, 8593, 956025, 16262, 0.8448956922750503)
('14.tif', 67373, 11726, 959660, 9817, 0.8621592050624164)
('15.tif', 89817, 15518, 937932, 5309, 0.8961044791755005)
('16.tif', 73997, 19481, 938838, 16260, 0.8054752768933519)
('17.tif', 69851, 12980, 954538, 11207, 0.8524184051400643)
('18.tif', 100097, 19348, 924092, 5039, 0.8914111167017691)
('19.tif', 78170, 15496, 941978, 12932, 0.8461421891236578)
('2.tif', 63274, 19046, 947486, 18770, 0.769925287775912)
('20.tif', 66093, 14109, 958609, 9765, 0.8470203767781622)
('21.tif', 86354, 17799, 940443, 3980, 0.8880182222976343)
('22.tif', 73105, 17723, 946180, 11568, 0.8331006660930707)
('23.tif', 69247, 14665, 953759, 10905, 0.8441461868539106)
('24.tif', 97834, 19651, 926573, 4518, 0.8900594531402812)
('25.tif', 64129, 17467, 957379, 9601, 0.8257342621325471)
('26.tif', 66612, 15318, 955985, 10661, 0.8368184016632852)
('27.tif', 76595, 16219, 950602, 5160, 0.8775326661663869)
('28.tif', 84155, 20329, 929377, 14715, 0.8276699745271792)
('29.tif', 66211, 14682, 956332, 11351, 0.8357072986021268)
('3.tif', 84443, 35292, 923073, 5768, 0.8044258999933316)
('30.tif', 82926, 20021, 940508, 5121, 0.8683623569326785)
('31.tif', 82414, 20074, 934636, 11452, 0.8394430467421087)
('32.tif', 75006, 18050, 944976, 10544, 0.8399045944705105)
('33.tif', 92327, 16702, 933914, 5633, 0.8920957152312442)
('34.tif', 65736, 17956, 952661, 12223, 0.8133076813629362)
('35.tif', 79027, 21848, 937137, 10564, 0.8298278957924249)
('36.tif', 103254, 18350, 920847, 6125, 0.8940398211123762)
('37.tif', 66138, 16705, 955943, 9790, 0.8331244370823387)
('38.tif', 67457, 16414, 950488, 14217, 0.8149687396176266)
('39.tif', 88728, 13020, 938467, 8361, 0.892469711371626)
('4.tif', 61124, 16690, 953993, 16769, 0.7851156338507581)
('40.tif', 72247, 20868, 942378, 13083, 0.8097396957045588)
('41.tif', 67915, 18631, 946874, 15156, 0.8008041646768898)
('42.tif', 88798, 13358, 935504, 10916, 0.8797542973200575)
('43.tif', 64442, 14143, 955843, 14148, 0.8200031811674885)
('44.tif', 70572, 18391, 944680, 14933, 0.8089964921934109)
('45.tif', 75195, 16589, 949457, 7335, 0.8627534219856122)
('5.tif', 71726, 19320, 942719, 14811, 0.8078025486673837)
('6.tif', 89619, 25335, 928674, 4948, 0.8554655619245803)
('7.tif', 58186, 14736, 960469, 15185, 0.7954721005106191)
('8.tif', 53418, 17053, 965078, 13027, 0.7803032516287358)
('9.tif', 89118, 33087, 919524, 6847, 0.8169592519594812)
('meanDice', 0.84)
/_predsToRemove/HRF/2/ ==> /_predsToRemove/HRF/2_c00001/
5 : 144 => 54 | [81910, 528, 309, 203, 164, 155, 154, 119, 114, 89, 83, 83, 79, 75, 74, 69, 65, 65, 64, 62, 59, 58, 58, 46, 41, 41, 37, 36, 34, 33, 30, 29, 24, 23, 21, 21, 20, 19, 18, 16, 16, 16, 15, 15, 14, 13, 12, 12, 12, 11, 11, 10, 10, 9]
18 : 79 => 40 | [96648, 476, 219, 114, 102, 89, 84, 83, 79, 73, 62, 55, 52, 49, 41, 38, 36, 32, 31, 31, 30, 28, 27, 27, 27, 26, 24, 21, 20, 18, 17, 16, 15, 15, 14, 12, 11, 11, 10, 10]
33 : 42 => 21 | [96108, 431, 271, 106, 93, 92, 78, 63, 53, 43, 43, 42, 42, 34, 34, 32, 21, 17, 15, 13, 12]
15 : 47 => 31 | [88403, 312, 173, 154, 136, 122, 103, 98, 55, 54, 52, 50, 34, 33, 28, 23, 20, 18, 16, 15, 14, 14, 14, 14, 12, 12, 12, 10, 10, 9, 9]
34 : 168 => 87 | [68948, 840, 500, 387, 339, 339, 264, 262, 257, 220, 191, 183, 166, 160, 159, 140, 137, 132, 128, 124, 119, 119, 111, 100, 98, 91, 88, 87, 84, 83, 82, 76, 71, 70, 66, 61, 61, 60, 57, 56, 53, 44, 39, 37, 36, 34, 31, 30, 29, 28, 27, 26, 26, 26, 25, 25, 25, 24, 24, 23, 23, 22, 20, 20, 19, 19, 19, 17, 15, 15, 14, 13, 12, 11, 11, 10, 10, 10, 10, 10, 10, 9, 9, 7, 7, 7, 7]
4 : 171 => 77 | [73169, 586, 168, 152, 144, 144, 120, 105, 96, 89, 74, 69, 55, 55, 46, 44, 42, 42, 41, 39, 37, 36, 35, 30, 24, 23, 23, 20, 20, 18, 18, 18, 18, 17, 16, 16, 16, 15, 15, 15, 15, 15, 15, 14, 14, 14, 13, 13, 13, 12, 12, 12, 12, 12, 11, 11, 11, 11, 11, 11, 11, 11, 11, 10, 10, 10, 10, 10, 9, 9, 9, 8, 8, 8, 8, 8, 8]
13 : 83 => 44 | [81182, 548, 296, 280, 196, 167, 139, 115, 110, 105, 103, 94, 94, 65, 61, 57, 49, 44, 44, 43, 42, 42, 38, 37, 29, 28, 28, 27, 23, 22, 22, 17, 16, 16, 15, 14, 14, 13, 11, 10, 10, 10, 10, 9]
9 : 107 => 43 | [95222, 413, 265, 143, 118, 89, 83, 82, 76, 69, 52, 51, 45, 39, 38, 38, 37, 36, 36, 34, 32, 31, 30, 30, 28, 25, 22, 20, 17, 16, 15, 15, 13, 13, 13, 12, 11, 11, 11, 10, 10, 10, 10]
12 : 52 => 21 | [99683, 869, 263, 202, 172, 111, 107, 94, 86, 85, 79, 76, 58, 56, 56, 17, 17, 16, 14, 11, 11]
1 : 153 => 68 | [70833, 304, 302, 248, 245, 243, 168, 135, 114, 99, 98, 93, 74, 73, 71, 64, 61, 61, 59, 44, 39, 37, 36, 36, 36, 36, 35, 31, 31, 29, 27, 27, 26, 25, 23, 23, 22, 22, 22, 22, 20, 19, 19, 19, 19, 18, 17, 16, 15, 14, 14, 13, 13, 13, 13, 12, 12, 12, 11, 11, 10, 10, 10, 10, 9, 9, 9, 8]
2 : 140 => 56 | [79671, 170, 164, 146, 143, 98, 96, 90, 88, 80, 71, 67, 52, 50, 45, 44, 39, 36, 36, 34, 31, 29, 29, 28, 26, 25, 23, 22, 22, 22, 22, 21, 20, 20, 17, 17, 16, 15, 15, 13, 13, 13, 13, 12, 11, 11, 9, 9, 9, 9, 8, 8, 8, 8, 8, 8]
38 : 91 => 33 | [80136, 502, 470, 150, 78, 70, 67, 66, 58, 52, 49, 45, 43, 41, 40, 39, 39, 32, 27, 27, 26, 23, 21, 18, 16, 14, 13, 13, 12, 12, 10, 10, 10]
11 : 64 => 32 | [73953, 313, 276, 177, 137, 133, 95, 85, 67, 66, 66, 60, 54, 52, 48, 41, 39, 34, 31, 30, 27, 25, 23, 22, 21, 21, 19, 16, 12, 11, 11, 8]
10 : 97 => 51 | [64581, 290, 160, 127, 110, 109, 104, 99, 97, 92, 75, 73, 62, 60, 54, 52, 51, 50, 50, 49, 47, 47, 43, 41, 40, 38, 35, 34, 30, 27, 26, 26, 24, 24, 22, 18, 17, 16, 15, 15, 14, 14, 11, 10, 8, 8, 8, 8, 8, 7, 7]
14 : 92 => 51 | [74554, 163, 124, 104, 99, 94, 88, 85, 83, 79, 79, 73, 70, 69, 68, 68, 62, 57, 51, 44, 44, 44, 40, 34, 33, 31, 31, 31, 30, 28, 27, 25, 24, 24, 23, 23, 22, 22, 21, 19, 18, 17, 16, 14, 14, 12, 11, 11, 10, 9, 8]
23 : 126 => 51 | [77114, 488, 279, 183, 144, 142, 97, 92, 88, 76, 73, 70, 68, 64, 59, 56, 54, 51, 48, 45, 44, 39, 30, 30, 29, 27, 26, 25, 25, 22, 22, 21, 21, 20, 20, 19, 19, 17, 16, 16, 16, 15, 15, 14, 13, 12, 12, 11, 11, 9, 8]
16 : 194 => 101 | [82175, 1288, 704, 402, 316, 278, 250, 209, 170, 161, 143, 131, 129, 128, 112, 97, 95, 90, 84, 82, 82, 80, 77, 72, 72, 71, 71, 70, 68, 67, 67, 66, 64, 64, 62, 61, 60, 60, 59, 55, 55, 54, 54, 54, 53, 52, 49, 47, 46, 46, 44, 44, 44, 41, 40, 40, 39, 39, 39, 39, 37, 35, 33, 33, 33, 33, 32, 32, 30, 29, 28, 28, 27, 26, 24, 23, 23, 21, 21, 20, 19, 19, 19, 17, 17, 17, 17, 16, 15, 15, 15, 14, 14, 14, 13, 12, 11, 11, 11, 10, 9]
22 : 121 => 65 | [79872, 351, 174, 148, 143, 118, 111, 79, 76, 68, 67, 63, 61, 41, 41, 39, 36, 35, 34, 32, 32, 31, 31, 31, 30, 30, 29, 28, 27, 23, 23, 22, 21, 19, 18, 18, 18, 18, 17, 16, 16, 15, 14, 14, 14, 13, 13, 12, 12, 11, 11, 10, 10, 10, 10, 10, 9, 9, 9, 9, 9, 8, 8, 8, 8]
28 : 77 => 34 | [97228, 489, 483, 399, 359, 98, 94, 93, 77, 70, 53, 40, 38, 36, 33, 32, 32, 29, 26, 26, 25, 23, 22, 21, 18, 17, 16, 16, 15, 15, 14, 12, 11, 10]
40 : 187 => 77 | [80447, 261, 234, 226, 197, 188, 141, 130, 129, 89, 87, 81, 77, 77, 73, 73, 73, 71, 68, 68, 66, 59, 54, 51, 51, 47, 45, 43, 40, 39, 38, 36, 34, 34, 34, 34, 34, 32, 32, 31, 29, 29, 28, 27, 26, 25, 24, 23, 22, 22, 21, 21, 19, 19, 18, 18, 18, 17, 17, 15, 14, 13, 13, 13, 13, 13, 12, 12, 11, 11, 11, 11, 11, 11, 10, 9, 9]
32 : 110 => 47 | [83079, 442, 257, 247, 184, 173, 161, 140, 130, 116, 96, 96, 80, 76, 73, 70, 68, 50, 49, 47, 42, 40, 39, 38, 36, 32, 30, 30, 28, 26, 26, 25, 23, 21, 20, 18, 18, 17, 15, 15, 14, 13, 11, 11, 11, 10, 10]
3 : 118 => 45 | [87581, 726, 325, 310, 269, 156, 141, 109, 107, 88, 72, 71, 64, 60, 54, 49, 48, 41, 39, 36, 34, 34, 32, 32, 30, 26, 24, 23, 21, 20, 19, 19, 19, 18, 17, 16, 16, 15, 13, 12, 11, 10, 10, 10, 9]
39 : 67 => 31 | [92118, 421, 344, 183, 158, 111, 104, 89, 82, 73, 71, 68, 62, 61, 58, 55, 49, 49, 43, 40, 36, 30, 24, 24, 23, 19, 19, 16, 12, 11, 10]
21 : 70 => 39 | [89339, 217, 179, 146, 131, 119, 98, 87, 79, 79, 67, 66, 59, 57, 57, 52, 52, 46, 46, 44, 42, 41, 41, 35, 32, 30, 23, 22, 20, 20, 20, 19, 17, 16, 13, 12, 12, 11, 10]
41 : 100 => 55 | [82671, 337, 289, 267, 184, 181, 136, 129, 93, 86, 84, 65, 60, 56, 53, 51, 48, 48, 48, 47, 46, 45, 44, 43, 43, 42, 42, 39, 37, 34, 34, 32, 29, 24, 20, 17, 16, 16, 16, 15, 15, 13, 13, 13, 13, 12, 12, 12, 11, 11, 11, 10, 10, 9, 9]
25 : 131 => 71 | [68161, 575, 402, 376, 266, 157, 91, 87, 78, 64, 63, 62, 58, 54, 51, 51, 50, 48, 46, 42, 37, 37, 36, 35, 34, 30, 29, 28, 26, 25, 25, 24, 23, 22, 20, 19, 19, 15, 15, 14, 14, 13, 13, 13, 12, 12, 12, 12, 11, 10, 10, 9, 9, 9, 9, 9, 9, 9, 9, 9, 8, 8, 8, 8, 8, 7, 7, 7, 7, 7, 7]
7 : 198 => 94 | [64785, 1648, 796, 329, 249, 204, 191, 180, 176, 166, 162, 153, 130, 125, 118, 113, 110, 108, 106, 104, 101, 88, 80, 79, 68, 67, 66, 63, 59, 52, 49, 49, 46, 45, 40, 37, 36, 34, 32, 32, 31, 30, 30, 29, 29, 28, 26, 26, 23, 22, 22, 21, 20, 20, 19, 19, 18, 18, 17, 17, 16, 16, 16, 15, 15, 14, 14, 14, 14, 14, 13, 12, 12, 12, 12, 11, 11, 11, 10, 10, 10, 9, 9, 9, 9, 9, 8, 8, 8, 8, 8, 7, 7, 7]
30 : 160 => 81 | [79937, 525, 202, 143, 140, 135, 134, 116, 105, 85, 82, 81, 77, 73, 66, 66, 65, 62, 60, 58, 58, 56, 53, 49, 48, 47, 45, 43, 41, 41, 38, 38, 37, 31, 30, 29, 29, 29, 26, 25, 24, 23, 21, 20, 19, 18, 18, 18, 18, 17, 17, 16, 16, 15, 15, 15, 15, 15, 14, 14, 14, 13, 13, 13, 12, 12, 12, 11, 11, 11, 10, 9, 9, 9, 9, 9, 8, 8, 8, 8, 8]
8 : 169 => 77 | [62489, 403, 267, 259, 233, 201, 165, 140, 138, 132, 120, 117, 110, 92, 82, 78, 73, 72, 68, 57, 48, 41, 38, 36, 35, 29, 28, 28, 27, 25, 23, 22, 20, 19, 19, 18, 18, 18, 18, 17, 17, 16, 16, 15, 15, 14, 14, 14, 14, 14, 13, 13, 13, 13, 12, 12, 12, 11, 11, 10, 10, 10, 10, 9, 9, 9, 9, 8, 8, 8, 8, 8, 7, 7, 7, 7, 7]
17 : 112 => 62 | [76194, 633, 219, 186, 174, 97, 90, 86, 78, 74, 73, 70, 55, 54, 54, 47, 47, 45, 45, 43, 41, 41, 40, 39, 37, 33, 28, 23, 23, 19, 18, 18, 18, 17, 17, 17, 17, 17, 16, 16, 15, 13, 12, 12, 12, 12, 11, 11, 11, 10, 10, 10, 9, 9, 9, 9, 9, 8, 8, 8, 8, 8]
31 : 109 => 43 | [91916, 1135, 280, 172, 113, 100, 82, 70, 57, 48, 48, 43, 42, 42, 39, 32, 30, 27, 26, 26, 24, 23, 21, 20, 18, 18, 17, 17, 16, 16, 15, 14, 14, 13, 13, 13, 13, 12, 12, 11, 10, 10, 10]
36 : 68 => 43 | [53817, 48460, 471, 412, 280, 168, 118, 83, 67, 65, 55, 52, 47, 46, 43, 37, 32, 25, 25, 23, 23, 21, 20, 20, 18, 18, 18, 18, 16, 16, 13, 13, 12, 10, 10, 9, 7, 7, 6, 6, 6, 6, 6]
20 : 117 => 50 | [73998, 201, 182, 130, 127, 100, 94, 91, 79, 70, 64, 64, 64, 50, 49, 47, 41, 41, 41, 39, 37, 35, 34, 31, 26, 23, 21, 20, 19, 18, 17, 17, 17, 16, 16, 16, 15, 15, 14, 14, 12, 12, 12, 12, 10, 10, 9, 9, 8, 8]
43 : 116 => 60 | [75050, 719, 228, 222, 190, 186, 168, 151, 111, 102, 101, 89, 86, 84, 64, 63, 60, 52, 52, 52, 46, 43, 42, 40, 34, 32, 32, 32, 31, 28, 22, 22, 21, 21, 20, 18, 18, 17, 17, 17, 17, 14, 13, 13, 12, 12, 11, 11, 11, 11, 10, 10, 9, 9, 9, 9, 8, 8, 8, 8]
37 : 142 => 78 | [69870, 271, 240, 196, 180, 155, 147, 140, 125, 119, 113, 91, 89, 85, 81, 75, 74, 68, 67, 65, 53, 51, 50, 46, 42, 42, 41, 40, 39, 37, 36, 35, 34, 34, 33, 31, 28, 26, 26, 25, 24, 24, 24, 22, 22, 21, 20, 18, 17, 17, 17, 14, 14, 14, 14, 13, 13, 13, 12, 12, 11, 11, 11, 11, 10, 10, 9, 9, 9, 9, 8, 8, 8, 8, 7, 7, 7, 7]
29 : 102 => 51 | [75167, 336, 303, 246, 208, 134, 93, 88, 85, 74, 66, 64, 62, 59, 41, 38, 36, 35, 32, 31, 31, 29, 29, 28, 25, 25, 24, 23, 19, 19, 18, 16, 15, 15, 15, 14, 14, 14, 13, 13, 12, 11, 11, 11, 11, 10, 9, 9, 8, 8, 8]
6 : 103 => 41 | [91757, 195, 122, 118, 100, 96, 93, 87, 84, 75, 74, 66, 65, 53, 52, 51, 49, 43, 43, 36, 31, 29, 27, 21, 21, 20, 19, 18, 18, 17, 16, 16, 16, 14, 12, 12, 11, 11, 10, 10, 10]
24 : 112 => 57 | [94402, 435, 362, 195, 144, 130, 115, 106, 97, 92, 88, 68, 65, 60, 57, 57, 55, 54, 53, 49, 43, 37, 35, 35, 34, 34, 34, 32, 31, 27, 26, 26, 26, 22, 22, 21, 21, 21, 19, 18, 17, 16, 16, 15, 15, 15, 15, 14, 14, 14, 13, 12, 12, 11, 11, 10, 10]
35 : 112 => 54 | [85780, 385, 321, 229, 205, 180, 115, 93, 85, 72, 70, 69, 67, 61, 60, 57, 54, 53, 48, 46, 43, 41, 41, 40, 39, 38, 38, 35, 28, 24, 22, 20, 20, 20, 19, 18, 18, 17, 16, 15, 14, 13, 12, 12, 12, 11, 11, 11, 11, 11, 10, 10, 10, 10]
26 : 125 => 58 | [74959, 154, 149, 129, 128, 105, 104, 95, 80, 79, 77, 77, 73, 72, 70, 70, 68, 66, 65, 59, 54, 53, 53, 49, 48, 43, 42, 41, 37, 36, 31, 29, 28, 25, 25, 22, 22, 19, 19, 19, 18, 17, 16, 15, 14, 13, 13, 12, 12, 10, 10, 10, 10, 9, 9, 9, 8, 8]
45 : 91 => 42 | [75273, 477, 409, 378, 351, 304, 266, 178, 177, 132, 126, 105, 94, 90, 73, 68, 68, 48, 48, 47, 39, 37, 35, 30, 25, 25, 25, 23, 20, 19, 16, 15, 14, 13, 11, 11, 11, 10, 10, 9, 8, 8]
42 : 59 => 32 | [47849, 46312, 242, 238, 151, 131, 121, 108, 108, 108, 105, 85, 81, 72, 59, 50, 49, 38, 27, 26, 23, 19, 13, 10, 9, 8, 7, 5, 5, 5, 5, 5]
44 : 101 => 47 | [82194, 2004, 249, 136, 120, 116, 100, 70, 59, 55, 52, 48, 46, 44, 36, 36, 34, 33, 33, 31, 29, 26, 25, 23, 23, 21, 20, 19, 18, 17, 16, 15, 15, 15, 14, 13, 12, 12, 12, 11, 11, 11, 11, 11, 10, 10, 9]
19 : 109 => 56 | [84366, 1755, 759, 347, 345, 280, 209, 139, 116, 99, 86, 77, 75, 71, 69, 63, 61, 58, 51, 48, 45, 44, 42, 39, 36, 36, 35, 34, 34, 32, 31, 29, 27, 27, 26, 25, 23, 22, 21, 19, 19, 18, 18, 17, 17, 14, 14, 14, 13, 13, 13, 9, 9, 9, 9, 9]
27 : 107 => 51 | [74063, 526, 256, 156, 124, 97, 94, 90, 88, 87, 80, 69, 66, 65, 62, 59, 51, 47, 45, 42, 42, 40, 40, 39, 36, 34, 34, 33, 32, 30, 29, 28, 27, 26, 24, 23, 21, 20, 20, 19, 18, 18, 15, 12, 12, 11, 10, 10, 10, 8, 8]
/_predsToRemove/HRF/2_c00001/ ==> /data/HRF/targetVessels/1024x1024/all/
colorMode : Grayscale
daMode : ['noDA']
imageToTensor length: 45
('imgName', 'TP', 'FP', 'TN', 'FN', 'DICE')
('1.tif', 49406, 12964, 961263, 24943, 0.7227378784221652)
('10.tif', 60108, 8521, 973022, 6925, 0.8861435037077442)
('11.tif', 66895, 11490, 961113, 9078, 0.8667513183638036)
('12.tif', 96615, 13429, 933064, 5468, 0.9109165735620642)
('13.tif', 68202, 8087, 956194, 16093, 0.8494246002092363)
('14.tif', 67688, 11411, 960335, 9142, 0.8681900095556311)
('15.tif', 86501, 18834, 939713, 3528, 0.885536741671956)
('16.tif', 74046, 19432, 938960, 16138, 0.8063290174341998)
('17.tif', 69139, 13692, 955801, 9944, 0.8540212705510333)
('18.tif', 95406, 24039, 925764, 3367, 0.8744099936760488)
('19.tif', 77797, 15869, 942791, 12119, 0.8475449662820974)
('2.tif', 63060, 19260, 947506, 18750, 0.7684152805702796)
('20.tif', 66409, 13793, 958688, 9686, 0.8497795863004408)
('21.tif', 87344, 16809, 940311, 4112, 0.8930468434478986)
('22.tif', 72227, 18601, 947632, 10116, 0.8341696935399114)
('23.tif', 69343, 14569, 954092, 10572, 0.8465393372276853)
('24.tif', 94343, 23142, 927956, 3135, 0.8777603587594144)
('25.tif', 63168, 18428, 958558, 8422, 0.8247228859034116)
('26.tif', 67034, 14896, 956093, 10553, 0.8404621451005222)
('27.tif', 73485, 19329, 952351, 3411, 0.866006717341347)
('28.tif', 85016, 19468, 929138, 14954, 0.8316393907676054)
('29.tif', 66767, 14126, 956745, 10938, 0.8419652202423737)
('3.tif', 84976, 34759, 922981, 5860, 0.8071006928779366)
('30.tif', 79881, 23066, 941940, 3689, 0.8565546304090244)
('31.tif', 83214, 19274, 934624, 11464, 0.8441009098931864)
('32.tif', 75835, 17221, 945102, 10418, 0.8458582670139256)
('33.tif', 92257, 16772, 934161, 5386, 0.8927866377641868)
('34.tif', 65453, 18239, 953853, 11031, 0.8172635101388472)
('35.tif', 78686, 22189, 937627, 10074, 0.8298679041316213)
('36.tif', 100164, 21440, 922511, 4461, 0.885509815275672)
('37.tif', 65079, 17764, 957307, 8426, 0.8324890628597743)
('38.tif', 67974, 15897, 950450, 14255, 0.8184708007224564)
('39.tif', 87635, 14113, 940000, 6828, 0.8932730580854285)
('4.tif', 60358, 17456, 955000, 15762, 0.7842062182493796)
('40.tif', 72256, 20859, 943458, 12003, 0.8147304565494379)
('41.tif', 69708, 16838, 945997, 16033, 0.8092078914833969)
('42.tif', 87364, 14792, 937710, 8710, 0.8814407506431923)
('43.tif', 64661, 13924, 956056, 13935, 0.8227584758972141)
('44.tif', 70983, 17980, 944671, 14942, 0.8117538081515027)
('45.tif', 73160, 18624, 950826, 5966, 0.856123105728161)
('5.tif', 70967, 20079, 943193, 14337, 0.8048426424723562)
('6.tif', 88521, 26433, 928525, 5097, 0.8488291812899142)
('7.tif', 57262, 15660, 960997, 14657, 0.7906877196373955)
('8.tif', 53140, 17331, 965012, 13093, 0.7774461610486891)
('9.tif', 90174, 32031, 919174, 7197, 0.8213465952563122)
('meanDice', 0.84)
