/_predsToRemove/HRF/0/ ==> /_predsToRemove/HRF/0_c0001/
5 : 118 => 11 | [84289, 540, 312, 220, 176, 174, 174, 107, 95, 92, 85]
18 : 69 => 8 | [100488, 304, 257, 182, 174, 155, 106, 105]
33 : 45 => 7 | [95604, 447, 270, 243, 136, 126, 97]
15 : 54 => 5 | [92255, 171, 142, 120, 112]
34 : 147 => 25 | [71946, 922, 566, 400, 373, 360, 349, 301, 257, 250, 229, 207, 192, 187, 181, 158, 141, 123, 122, 114, 112, 92, 89, 79, 76]
4 : 110 => 8 | [73677, 508, 193, 178, 160, 153, 129, 112]
13 : 52 => 9 | [83197, 199, 130, 110, 99, 93, 91, 87, 86]
9 : 118 => 10 | [92451, 536, 367, 330, 259, 201, 160, 126, 103, 94]
12 : 58 => 5 | [102131, 931, 234, 210, 103]
1 : 130 => 16 | [71480, 480, 325, 296, 269, 260, 244, 243, 157, 142, 124, 114, 99, 97, 91, 74]
2 : 101 => 6 | [81853, 173, 124, 105, 99, 96]
38 : 69 => 6 | [81721, 490, 461, 118, 105, 94]
11 : 87 => 10 | [76586, 725, 356, 233, 226, 224, 178, 162, 160, 123]
10 : 87 => 13 | [65671, 295, 238, 173, 135, 128, 104, 85, 80, 80, 78, 74, 67]
14 : 73 => 8 | [77832, 211, 136, 106, 93, 88, 86, 78]
23 : 84 => 11 | [79215, 488, 264, 186, 148, 118, 116, 103, 99, 81, 81]
16 : 147 => 19 | [85598, 687, 437, 436, 350, 310, 292, 199, 160, 156, 132, 131, 130, 112, 105, 99, 93, 92, 88]
22 : 118 => 16 | [81257, 843, 392, 201, 183, 177, 139, 122, 114, 114, 106, 103, 100, 100, 97, 82]
28 : 68 => 6 | [99130, 405, 357, 119, 118, 114]
40 : 128 => 19 | [80877, 1503, 534, 391, 340, 253, 179, 175, 173, 120, 111, 111, 103, 99, 99, 95, 93, 89, 86]
32 : 84 => 8 | [85517, 426, 234, 138, 138, 101, 91, 91]
3 : 102 => 9 | [89773, 373, 307, 242, 146, 126, 115, 101, 92]
39 : 55 => 10 | [88322, 2408, 877, 494, 317, 213, 130, 112, 104, 103]
21 : 80 => 14 | [89940, 589, 303, 217, 189, 145, 132, 124, 122, 121, 104, 96, 93, 92]
41 : 100 => 11 | [83191, 256, 243, 220, 210, 165, 129, 123, 113, 95, 89]
25 : 115 => 16 | [68703, 711, 617, 284, 278, 165, 145, 135, 123, 117, 114, 100, 97, 90, 75, 73]
7 : 160 => 15 | [68230, 1645, 328, 311, 225, 182, 170, 150, 134, 121, 109, 105, 78, 75, 70]
30 : 99 => 6 | [85857, 175, 154, 143, 102, 86]
8 : 124 => 17 | [66298, 173, 146, 137, 135, 125, 124, 123, 122, 118, 116, 113, 96, 94, 91, 83, 67]
17 : 90 => 11 | [78307, 630, 223, 181, 176, 171, 150, 139, 113, 88, 86]
31 : 83 => 7 | [94579, 301, 160, 153, 139, 134, 133]
36 : 52 => 14 | [54934, 49218, 510, 420, 278, 169, 162, 126, 117, 90, 81, 79, 76, 55]
20 : 113 => 10 | [75095, 255, 219, 205, 152, 119, 102, 95, 78, 78]
43 : 135 => 14 | [76073, 806, 450, 273, 220, 208, 207, 175, 165, 116, 112, 105, 97, 80]
37 : 85 => 15 | [73420, 273, 223, 192, 178, 155, 142, 126, 119, 115, 102, 98, 97, 97, 81]
29 : 82 => 11 | [76359, 1059, 280, 211, 200, 170, 125, 99, 85, 85, 78]
6 : 93 => 2 | [93586, 223]
24 : 102 => 11 | [94639, 405, 325, 214, 177, 165, 164, 136, 122, 113, 96]
35 : 89 => 10 | [88777, 438, 293, 229, 211, 192, 185, 141, 139, 96]
26 : 113 => 9 | [76241, 483, 406, 128, 124, 120, 88, 87, 78]
45 : 79 => 9 | [78798, 517, 362, 276, 227, 174, 154, 131, 116]
42 : 68 => 8 | [93359, 250, 230, 140, 131, 130, 111, 99]
44 : 90 => 5 | [82550, 2052, 237, 123, 87]
19 : 89 => 13 | [88798, 553, 364, 306, 242, 193, 163, 120, 110, 100, 98, 96, 93]
27 : 86 => 6 | [79905, 116, 101, 81, 81, 80]
/_predsToRemove/HRF/0_c0001/ ==> /data/HRF/targetVessels/1024x1024/all/
colorMode : Grayscale
daMode : ['noDA']
imageToTensor length: 45
('imgName', 'TP', 'FP', 'TN', 'FN', 'DICE')
('1.tif', 49314, 13056, 961025, 25181, 0.7206225112336975)
('10.tif', 59463, 9166, 972202, 7745, 0.8755052010865965)
('11.tif', 66857, 11528, 958075, 12116, 0.8497438960840885)
('12.tif', 96755, 13289, 931678, 6854, 0.9057209587508718)
('13.tif', 67248, 9041, 955443, 16844, 0.8386030764242647)
('14.tif', 67736, 11363, 958583, 10894, 0.8588908824629586)
('15.tif', 87819, 17516, 938260, 4981, 0.886456204103263)
('16.tif', 72857, 20621, 938348, 16750, 0.7958816942949996)
('17.tif', 69036, 13795, 954517, 11228, 0.8465740825899016)
('18.tif', 97118, 22327, 924478, 4653, 0.8780377549544337)
('19.tif', 77951, 15715, 941625, 13285, 0.8431601605174633)
('2.tif', 63531, 18789, 947337, 18919, 0.7711476603750683)
('20.tif', 65820, 14382, 957796, 10578, 0.8406130268199233)
('21.tif', 87240, 16913, 939396, 5027, 0.8883005803889624)
('22.tif', 72422, 18406, 946040, 11708, 0.8278786908858126)
('23.tif', 69127, 14785, 952892, 11772, 0.8388639107826541)
('24.tif', 92955, 24530, 927490, 3601, 0.8685719091202153)
('25.tif', 62484, 19112, 957637, 9343, 0.8145323712872256)
('26.tif', 66401, 15529, 955292, 11354, 0.831649810564549)
('27.tif', 74849, 17965, 950247, 5515, 0.8644169582741457)
('28.tif', 84581, 19903, 928430, 15662, 0.8262808520615258)
('29.tif', 66315, 14578, 955247, 12436, 0.8307859988474355)
('3.tif', 85169, 34566, 922735, 6106, 0.8072508411923606)
('30.tif', 81066, 21881, 940178, 5451, 0.8557404045095638)
('31.tif', 82892, 19596, 933381, 12707, 0.8369251894369646)
('32.tif', 75285, 17771, 944069, 11451, 0.8374677405001335)
('33.tif', 91125, 17904, 933749, 5798, 0.8849149316345556)
('34.tif', 65484, 18208, 952542, 12342, 0.8108569942668928)
('35.tif', 79317, 21558, 936317, 11384, 0.8280473545746858)
('36.tif', 100707, 20897, 921364, 5608, 0.8837086859805457)
('37.tif', 65510, 17333, 955825, 9908, 0.8278729440607604)
('38.tif', 67793, 16078, 949509, 15196, 0.812573414838787)
('39.tif', 85879, 15869, 939627, 7201, 0.8815878621142752)
('4.tif', 60264, 17550, 955916, 14846, 0.7881562083126259)
('40.tif', 71893, 21222, 941923, 13538, 0.8053162770378501)
('41.tif', 68469, 18077, 945665, 16365, 0.7990313922277978)
('42.tif', 85630, 16526, 937600, 8820, 0.8710822660549525)
('43.tif', 64315, 14270, 955219, 14772, 0.8158074991120807)
('44.tif', 70331, 18632, 944895, 14718, 0.8083465508125877)
('45.tif', 74140, 17644, 950177, 6615, 0.8593999037898677)
('5.tif', 71641, 19405, 942907, 14623, 0.808087530314139)
('6.tif', 89142, 25812, 928955, 4667, 0.8540019064681001)
('7.tif', 57772, 15150, 961493, 14161, 0.7976528252390321)
('8.tif', 54331, 16140, 964275, 13830, 0.7838161463442784)
('9.tif', 88316, 33889, 920060, 6311, 0.8146030106257379)
('meanDice', 0.835)
/_predsToRemove/HRF/1/ ==> /_predsToRemove/HRF/1_c0001/
5 : 88 => 10 | [84065, 331, 196, 196, 187, 157, 116, 103, 101, 100]
18 : 57 => 7 | [102774, 510, 273, 163, 125, 116, 115]
33 : 39 => 5 | [96212, 614, 255, 213, 126]
15 : 33 => 4 | [94109, 153, 132, 130]
34 : 131 => 32 | [71418, 563, 380, 343, 335, 327, 263, 252, 244, 186, 184, 180, 177, 137, 132, 127, 124, 123, 112, 112, 108, 105, 97, 89, 88, 88, 88, 80, 79, 77, 75, 74]
4 : 114 => 11 | [74617, 608, 497, 208, 159, 158, 150, 119, 97, 95, 90]
13 : 73 => 10 | [81756, 271, 224, 207, 182, 137, 116, 115, 112, 93]
9 : 91 => 5 | [94202, 373, 169, 116, 112]
12 : 40 => 5 | [103034, 916, 191, 177, 107]
1 : 118 => 13 | [71803, 315, 276, 237, 213, 158, 141, 97, 92, 92, 88, 85, 72]
2 : 93 => 6 | [80341, 193, 175, 133, 108, 83]
38 : 74 => 3 | [80783, 108, 101]
11 : 58 => 11 | [74278, 653, 340, 214, 180, 153, 152, 144, 130, 99, 78]
10 : 86 => 15 | [64439, 821, 254, 144, 125, 120, 97, 97, 91, 90, 77, 75, 69, 68, 65]
14 : 76 => 11 | [74473, 841, 184, 112, 108, 99, 90, 88, 86, 83, 77]
23 : 100 => 12 | [77485, 469, 198, 195, 142, 128, 101, 100, 86, 85, 84, 80]
16 : 127 => 20 | [84468, 515, 332, 326, 287, 265, 218, 177, 168, 165, 144, 138, 123, 118, 107, 98, 98, 98, 96, 89]
22 : 100 => 10 | [82031, 401, 199, 146, 128, 125, 118, 112, 95, 87]
28 : 79 => 5 | [96709, 346, 330, 120, 108]
40 : 131 => 17 | [81083, 251, 218, 213, 207, 199, 194, 183, 180, 146, 135, 130, 115, 92, 91, 86, 85]
32 : 74 => 6 | [83630, 441, 313, 272, 137, 92]
3 : 74 => 7 | [87774, 828, 150, 139, 127, 114, 103]
39 : 56 => 6 | [94335, 855, 352, 178, 158, 112]
21 : 90 => 8 | [87969, 274, 267, 192, 150, 133, 112, 109]
41 : 93 => 11 | [80372, 377, 192, 168, 162, 119, 108, 107, 96, 94, 87]
25 : 125 => 14 | [69615, 798, 599, 246, 165, 147, 108, 104, 101, 90, 84, 81, 75, 72]
7 : 142 => 20 | [68342, 852, 393, 378, 334, 220, 208, 206, 189, 143, 121, 103, 101, 98, 87, 85, 83, 79, 72, 72]
30 : 102 => 5 | [85285, 519, 207, 167, 113]
8 : 127 => 14 | [63369, 266, 237, 185, 176, 149, 134, 121, 116, 92, 86, 76, 76, 65]
17 : 76 => 5 | [79532, 179, 146, 99, 90]
31 : 81 => 7 | [91326, 891, 182, 170, 139, 115, 114]
36 : 46 => 15 | [56105, 50445, 698, 436, 333, 201, 179, 127, 114, 86, 77, 68, 63, 57, 57]
20 : 90 => 10 | [73640, 253, 178, 170, 157, 127, 108, 106, 97, 77]
43 : 152 => 15 | [73431, 852, 447, 363, 257, 226, 188, 178, 149, 146, 113, 111, 91, 88, 79]
37 : 105 => 20 | [71438, 714, 277, 229, 184, 169, 161, 149, 134, 133, 127, 110, 108, 107, 106, 90, 90, 88, 87, 81]
29 : 97 => 9 | [74980, 437, 250, 224, 123, 117, 105, 101, 81]
6 : 70 => 3 | [93084, 370, 106]
24 : 76 => 5 | [100175, 427, 194, 170, 119]
35 : 72 => 8 | [87022, 593, 430, 170, 114, 105, 97, 94]
26 : 114 => 13 | [74829, 138, 117, 103, 99, 97, 94, 89, 83, 78, 76, 76, 75]
45 : 64 => 9 | [79659, 577, 520, 270, 261, 193, 152, 124, 107]
42 : 55 => 6 | [97769, 279, 190, 175, 148, 134]
44 : 81 => 6 | [81864, 2044, 198, 92, 89, 88]
19 : 85 => 10 | [88342, 304, 268, 224, 136, 134, 117, 115, 91, 90]
27 : 81 => 9 | [79074, 751, 173, 142, 108, 108, 100, 99, 83]
/_predsToRemove/HRF/1_c0001/ ==> /data/HRF/targetVessels/1024x1024/all/
colorMode : Grayscale
daMode : ['noDA']
imageToTensor length: 45
('imgName', 'TP', 'FP', 'TN', 'FN', 'DICE')
('1.tif', 49399, 12971, 961936, 24270, 0.726247620167746)
('10.tif', 59222, 9407, 972537, 7410, 0.8756700009611048)
('11.tif', 66409, 11976, 960179, 10012, 0.8579641615958038)
('12.tif', 97709, 12335, 931816, 6716, 0.9111713114715879)
('13.tif', 67267, 9022, 956341, 15946, 0.8434627778962019)
('14.tif', 66755, 12344, 959991, 9486, 0.8594695506630616)
('15.tif', 89306, 16029, 938023, 5218, 0.8936900514862979)
('16.tif', 72543, 20935, 939611, 15487, 0.7993366683562158)
('17.tif', 69134, 13697, 954833, 10912, 0.8489105275760236)
('18.tif', 99156, 20289, 924211, 4920, 0.8872186505965882)
('19.tif', 77319, 16347, 942408, 12502, 0.8427736024895497)
('2.tif', 62952, 19368, 948175, 18081, 0.7707480119740684)
('20.tif', 65449, 14753, 958910, 9464, 0.843877123424556)
('21.tif', 85375, 18778, 940592, 3831, 0.8830724196960059)
('22.tif', 72265, 18563, 946571, 11177, 0.8293452688357147)
('23.tif', 68554, 15358, 954065, 10599, 0.8408180786802809)
('24.tif', 96685, 20800, 926691, 4400, 0.8847051287916915)
('25.tif', 63165, 18431, 957860, 9120, 0.8209590527745466)
('26.tif', 65705, 16225, 956397, 10249, 0.8323199310886473)
('27.tif', 75655, 17159, 950779, 4983, 0.8723450868251735)
('28.tif', 83297, 21187, 929776, 14316, 0.8243269321167558)
('29.tif', 65417, 15476, 956682, 11001, 0.8316900916019859)
('3.tif', 83728, 36007, 923334, 5507, 0.8013399052495573)
('30.tif', 81406, 21541, 940744, 4885, 0.8603557425041483)
('31.tif', 81714, 20774, 934865, 11223, 0.8362696686708456)
('32.tif', 74529, 18527, 945164, 10356, 0.8376821530732097)
('33.tif', 91902, 17127, 934029, 5518, 0.8903118930098959)
('34.tif', 64878, 18814, 952995, 11889, 0.8086551704796864)
('35.tif', 78349, 22526, 937425, 10276, 0.8269023746701847)
('36.tif', 103054, 18550, 920980, 5992, 0.8935963581183611)
('37.tif', 65163, 17680, 956314, 9419, 0.8278608861362554)
('38.tif', 66982, 16889, 950695, 14010, 0.8125777160430175)
('39.tif', 87857, 13891, 938695, 8133, 0.8886202955425867)
('4.tif', 60771, 17043, 954735, 16027, 0.7861097456859752)
('40.tif', 71096, 22019, 942949, 12512, 0.8046038150099308)
('41.tif', 67169, 19377, 947317, 14713, 0.7975989740423207)
('42.tif', 88036, 14120, 935761, 10659, 0.8766299396069723)
('43.tif', 63417, 15168, 956689, 13302, 0.8166821202287127)
('44.tif', 69963, 19000, 945201, 14412, 0.8072436511324695)
('45.tif', 74949, 16835, 949878, 6914, 0.863234032260851)
('5.tif', 71249, 19797, 943227, 14303, 0.8069060804765625)
('6.tif', 89050, 25904, 929112, 4510, 0.8541392904073587)
('7.tif', 57952, 14970, 961440, 14214, 0.7988531098367887)
('8.tif', 53029, 17442, 965986, 12119, 0.7820290667236891)
('9.tif', 88450, 33755, 919849, 6522, 0.8145429764662003)
('meanDice', 0.837)
/_predsToRemove/HRF/2/ ==> /_predsToRemove/HRF/2_c0001/
5 : 144 => 12 | [81910, 528, 309, 203, 164, 155, 154, 119, 114, 89, 83, 83]
18 : 79 => 5 | [96648, 476, 219, 114, 102]
33 : 42 => 4 | [96108, 431, 271, 106]
15 : 47 => 8 | [88403, 312, 173, 154, 136, 122, 103, 98]
34 : 168 => 34 | [68948, 840, 500, 387, 339, 339, 264, 262, 257, 220, 191, 183, 166, 160, 159, 140, 137, 132, 128, 124, 119, 119, 111, 100, 98, 91, 88, 87, 84, 83, 82, 76, 71, 70]
4 : 171 => 11 | [73169, 586, 168, 152, 144, 144, 120, 105, 96, 89, 74]
13 : 83 => 13 | [81182, 548, 296, 280, 196, 167, 139, 115, 110, 105, 103, 94, 94]
9 : 107 => 5 | [95222, 413, 265, 143, 118]
12 : 52 => 7 | [99683, 869, 263, 202, 172, 111, 107]
1 : 153 => 15 | [70833, 304, 302, 248, 245, 243, 168, 135, 114, 99, 98, 93, 74, 73, 71]
2 : 140 => 10 | [79671, 170, 164, 146, 143, 98, 96, 90, 88, 80]
38 : 91 => 4 | [80136, 502, 470, 150]
11 : 64 => 8 | [73953, 313, 276, 177, 137, 133, 95, 85]
10 : 97 => 12 | [64581, 290, 160, 127, 110, 109, 104, 99, 97, 92, 75, 73]
14 : 92 => 11 | [74554, 163, 124, 104, 99, 94, 88, 85, 83, 79, 79]
23 : 126 => 9 | [77114, 488, 279, 183, 144, 142, 97, 92, 88]
16 : 194 => 19 | [82175, 1288, 704, 402, 316, 278, 250, 209, 170, 161, 143, 131, 129, 128, 112, 97, 95, 90, 84]
22 : 121 => 7 | [79872, 351, 174, 148, 143, 118, 111]
28 : 77 => 6 | [97228, 489, 483, 399, 359, 98]
40 : 187 => 12 | [80447, 261, 234, 226, 197, 188, 141, 130, 129, 89, 87, 81]
32 : 110 => 12 | [83079, 442, 257, 247, 184, 173, 161, 140, 130, 116, 96, 96]
3 : 118 => 10 | [87581, 726, 325, 310, 269, 156, 141, 109, 107, 88]
39 : 67 => 7 | [92118, 421, 344, 183, 158, 111, 104]
21 : 70 => 7 | [89339, 217, 179, 146, 131, 119, 98]
41 : 100 => 11 | [82671, 337, 289, 267, 184, 181, 136, 129, 93, 86, 84]
25 : 131 => 9 | [68161, 575, 402, 376, 266, 157, 91, 87, 78]
7 : 198 => 27 | [64785, 1648, 796, 329, 249, 204, 191, 180, 176, 166, 162, 153, 130, 125, 118, 113, 110, 108, 106, 104, 101, 88, 80, 79, 68, 67, 66]
30 : 160 => 12 | [79937, 525, 202, 143, 140, 135, 134, 116, 105, 85, 82, 81]
8 : 169 => 19 | [62489, 403, 267, 259, 233, 201, 165, 140, 138, 132, 120, 117, 110, 92, 82, 78, 73, 72, 68]
17 : 112 => 9 | [76194, 633, 219, 186, 174, 97, 90, 86, 78]
31 : 109 => 6 | [91916, 1135, 280, 172, 113, 100]
36 : 68 => 11 | [53817, 48460, 471, 412, 280, 168, 118, 83, 67, 65, 55]
20 : 117 => 9 | [73998, 201, 182, 130, 127, 100, 94, 91, 79]
43 : 116 => 14 | [75050, 719, 228, 222, 190, 186, 168, 151, 111, 102, 101, 89, 86, 84]
37 : 142 => 17 | [69870, 271, 240, 196, 180, 155, 147, 140, 125, 119, 113, 91, 89, 85, 81, 75, 74]
29 : 102 => 9 | [75167, 336, 303, 246, 208, 134, 93, 88, 85]
6 : 103 => 7 | [91757, 195, 122, 118, 100, 96, 93]
24 : 112 => 9 | [94402, 435, 362, 195, 144, 130, 115, 106, 97]
35 : 112 => 8 | [85780, 385, 321, 229, 205, 180, 115, 93]
26 : 125 => 12 | [74959, 154, 149, 129, 128, 105, 104, 95, 80, 79, 77, 77]
45 : 91 => 14 | [75273, 477, 409, 378, 351, 304, 266, 178, 177, 132, 126, 105, 94, 90]
42 : 59 => 17 | [47849, 46312, 242, 238, 151, 131, 121, 108, 108, 108, 105, 85, 81, 72, 59, 50, 49]
44 : 101 => 7 | [82194, 2004, 249, 136, 120, 116, 100]
19 : 109 => 11 | [84366, 1755, 759, 347, 345, 280, 209, 139, 116, 99, 86]
27 : 107 => 11 | [74063, 526, 256, 156, 124, 97, 94, 90, 88, 87, 80]
/_predsToRemove/HRF/2_c0001/ ==> /data/HRF/targetVessels/1024x1024/all/
colorMode : Grayscale
daMode : ['noDA']
imageToTensor length: 45
('imgName', 'TP', 'FP', 'TN', 'FN', 'DICE')
('1.tif', 49301, 13069, 962407, 23799, 0.7278511847641544)
('10.tif', 59266, 9363, 973296, 6651, 0.8809775095506369)
('11.tif', 66321, 12064, 961343, 8848, 0.8638133816116805)
('12.tif', 96085, 13959, 933210, 5322, 0.9088157540044739)
('13.tif', 67615, 8674, 956473, 15814, 0.8466797731000889)
('14.tif', 66807, 12292, 960732, 8745, 0.8639711350072098)
('15.tif', 86043, 19292, 939783, 3458, 0.8832351310846045)
('16.tif', 71777, 21701, 939913, 15185, 0.7955774772777655)
('17.tif', 68212, 14619, 956200, 9545, 0.8495279846563878)
('18.tif', 94317, 25128, 925889, 3242, 0.8692650826712872)
('19.tif', 76773, 16893, 943182, 11728, 0.8428859233560414)
('2.tif', 62760, 19560, 948270, 17986, 0.7697496719119865)
('20.tif', 65635, 14567, 959007, 9367, 0.8457900569572949)
('21.tif', 86263, 17890, 940457, 3966, 0.8875616054984515)
('22.tif', 71212, 19616, 948043, 9705, 0.8292759614544819)
('23.tif', 68419, 15493, 954456, 10208, 0.8418779492921699)
('24.tif', 93013, 24472, 928118, 2973, 0.8714345274065329)
('25.tif', 62198, 19398, 958985, 7995, 0.8195323771814822)
('26.tif', 66018, 15912, 956528, 10118, 0.8353219541204308)
('27.tif', 72393, 20421, 952494, 3268, 0.8593916011277638)
('28.tif', 84343, 20141, 929379, 14713, 0.8287609315122335)
('29.tif', 66037, 14856, 957060, 10623, 0.8382829904857413)
('3.tif', 84341, 35394, 923370, 5471, 0.804984084716078)
('30.tif', 78191, 24756, 942135, 3494, 0.8469929373023095)
('31.tif', 82472, 20016, 934844, 11244, 0.840676031069703)
('32.tif', 74959, 18097, 945358, 10162, 0.8413992827357066)
('33.tif', 91701, 17328, 934332, 5215, 0.8905387360703101)
('34.tif', 64550, 19142, 954279, 10605, 0.8127317481601793)
('35.tif', 77605, 23270, 937998, 9703, 0.8247822598215567)
('36.tif', 99708, 21896, 922684, 4288, 0.8839361702127659)
('37.tif', 63975, 18868, 957657, 8076, 0.8260487817475176)
('38.tif', 67308, 16563, 950755, 13950, 0.8152171938302781)
('39.tif', 86787, 14961, 940176, 6652, 0.8892702895172322)
('4.tif', 59891, 17923, 955806, 14956, 0.7846273769987095)
('40.tif', 70887, 22228, 944138, 11323, 0.8086353914159419)
('41.tif', 68854, 17692, 946427, 15603, 0.8052958135237394)
('42.tif', 87238, 14918, 937789, 8631, 0.8810806716323697)
('43.tif', 64064, 14521, 956568, 13423, 0.8209544312881234)
('44.tif', 70385, 18578, 945079, 14534, 0.8095720086035357)
('45.tif', 72841, 18943, 951273, 5519, 0.8562276659770547)
('5.tif', 70252, 20794, 943871, 13659, 0.8030773275719176)
('6.tif', 87849, 27105, 928990, 4632, 0.8470026755369152)
('7.tif', 56856, 16066, 962008, 13646, 0.7928380187416332)
('8.tif', 52769, 17702, 965635, 12470, 0.7776729791467099)
('9.tif', 89250, 32955, 919460, 6911, 0.8174349486641693)
('meanDice', 0.836)
