/_predsToRemove/HRF/0/ ==> /_predsToRemove/HRF/0_c00005/
5 : 118 => 23 | [84289, 540, 312, 220, 176, 174, 174, 107, 95, 92, 85, 78, 76, 67, 61, 61, 59, 53, 47, 46, 46, 45, 43]
18 : 69 => 14 | [100488, 304, 257, 182, 174, 155, 106, 105, 94, 85, 75, 65, 61, 53]
33 : 45 => 13 | [95604, 447, 270, 243, 136, 126, 97, 92, 68, 65, 62, 60, 52]
15 : 54 => 10 | [92255, 171, 142, 120, 112, 77, 59, 57, 57, 53]
34 : 147 => 36 | [71946, 922, 566, 400, 373, 360, 349, 301, 257, 250, 229, 207, 192, 187, 181, 158, 141, 123, 122, 114, 112, 92, 89, 79, 76, 65, 62, 56, 52, 49, 47, 47, 46, 46, 43, 40]
4 : 110 => 14 | [73677, 508, 193, 178, 160, 153, 129, 112, 72, 60, 55, 50, 42, 38]
13 : 52 => 16 | [83197, 199, 130, 110, 99, 93, 91, 87, 86, 63, 63, 60, 58, 50, 45, 42]
9 : 118 => 18 | [92451, 536, 367, 330, 259, 201, 160, 126, 103, 94, 87, 73, 71, 70, 68, 67, 51, 47]
12 : 58 => 10 | [102131, 931, 234, 210, 103, 93, 92, 87, 76, 66]
1 : 130 => 27 | [71480, 480, 325, 296, 269, 260, 244, 243, 157, 142, 124, 114, 99, 97, 91, 74, 68, 62, 48, 44, 40, 40, 40, 39, 39, 37, 36]
2 : 101 => 19 | [81853, 173, 124, 105, 99, 96, 80, 79, 78, 71, 70, 67, 63, 63, 55, 47, 46, 43, 42]
38 : 69 => 14 | [81721, 490, 461, 118, 105, 94, 80, 72, 72, 60, 52, 51, 50, 44]
11 : 87 => 18 | [76586, 725, 356, 233, 226, 224, 178, 162, 160, 123, 59, 58, 49, 48, 44, 44, 41, 40]
10 : 87 => 27 | [65671, 295, 238, 173, 135, 128, 104, 85, 80, 80, 78, 74, 67, 64, 60, 58, 56, 54, 52, 48, 47, 45, 43, 43, 42, 39, 33]
14 : 73 => 18 | [77832, 211, 136, 106, 93, 88, 86, 78, 68, 64, 58, 55, 53, 53, 47, 45, 41, 40]
23 : 84 => 18 | [79215, 488, 264, 186, 148, 118, 116, 103, 99, 81, 81, 77, 76, 48, 47, 43, 42, 40]
16 : 147 => 44 | [85598, 687, 437, 436, 350, 310, 292, 199, 160, 156, 132, 131, 130, 112, 105, 99, 93, 92, 88, 84, 83, 80, 79, 75, 72, 67, 65, 60, 58, 57, 56, 54, 53, 53, 53, 52, 52, 50, 49, 47, 47, 46, 45, 43]
22 : 118 => 23 | [81257, 843, 392, 201, 183, 177, 139, 122, 114, 114, 106, 103, 100, 100, 97, 82, 80, 55, 52, 46, 46, 44, 42]
28 : 68 => 8 | [99130, 405, 357, 119, 118, 114, 83, 50]
40 : 128 => 33 | [80877, 1503, 534, 391, 340, 253, 179, 175, 173, 120, 111, 111, 103, 99, 99, 95, 93, 89, 86, 78, 76, 70, 62, 57, 57, 55, 54, 50, 50, 50, 48, 42, 41]
32 : 84 => 15 | [85517, 426, 234, 138, 138, 101, 91, 91, 84, 71, 71, 64, 64, 61, 56]
3 : 102 => 16 | [89773, 373, 307, 242, 146, 126, 115, 101, 92, 77, 75, 74, 71, 67, 54, 51]
39 : 55 => 16 | [88322, 2408, 877, 494, 317, 213, 130, 112, 104, 103, 87, 65, 59, 52, 49, 46]
21 : 80 => 15 | [89940, 589, 303, 217, 189, 145, 132, 124, 122, 121, 104, 96, 93, 92, 69]
41 : 100 => 21 | [83191, 256, 243, 220, 210, 165, 129, 123, 113, 95, 89, 76, 66, 65, 65, 60, 55, 50, 47, 45, 44]
25 : 115 => 29 | [68703, 711, 617, 284, 278, 165, 145, 135, 123, 117, 114, 100, 97, 90, 75, 73, 68, 64, 63, 59, 56, 56, 56, 52, 50, 49, 46, 44, 38]
7 : 160 => 37 | [68230, 1645, 328, 311, 225, 182, 170, 150, 134, 121, 109, 105, 78, 75, 70, 66, 59, 58, 54, 53, 52, 49, 49, 45, 43, 43, 42, 40, 40, 40, 39, 39, 39, 38, 37, 36, 35]
30 : 99 => 22 | [85857, 175, 154, 143, 102, 86, 84, 83, 80, 77, 75, 72, 71, 68, 63, 55, 54, 54, 53, 48, 46, 43]
8 : 124 => 27 | [66298, 173, 146, 137, 135, 125, 124, 123, 122, 118, 116, 113, 96, 94, 91, 83, 67, 61, 60, 57, 55, 52, 46, 40, 39, 36, 35]
17 : 90 => 19 | [78307, 630, 223, 181, 176, 171, 150, 139, 113, 88, 86, 63, 59, 56, 55, 52, 45, 45, 43]
31 : 83 => 13 | [94579, 301, 160, 153, 139, 134, 133, 80, 69, 64, 61, 55, 54]
36 : 52 => 17 | [54934, 49218, 510, 420, 278, 169, 162, 126, 117, 90, 81, 79, 76, 55, 47, 47, 34]
20 : 113 => 22 | [75095, 255, 219, 205, 152, 119, 102, 95, 78, 78, 67, 63, 60, 58, 58, 57, 55, 48, 48, 47, 43, 40]
43 : 135 => 32 | [76073, 806, 450, 273, 220, 208, 207, 175, 165, 116, 112, 105, 97, 80, 76, 74, 73, 73, 71, 64, 63, 61, 57, 56, 53, 50, 50, 45, 45, 43, 40, 39]
37 : 85 => 27 | [73420, 273, 223, 192, 178, 155, 142, 126, 119, 115, 102, 98, 97, 97, 81, 68, 62, 56, 55, 55, 54, 51, 50, 42, 41, 40, 39]
29 : 82 => 18 | [76359, 1059, 280, 211, 200, 170, 125, 99, 85, 85, 78, 69, 61, 52, 49, 48, 47, 39]
6 : 93 => 11 | [93586, 223, 83, 78, 77, 77, 69, 65, 54, 53, 47]
24 : 102 => 18 | [94639, 405, 325, 214, 177, 165, 164, 136, 122, 113, 96, 94, 70, 63, 59, 58, 56, 49]
35 : 89 => 13 | [88777, 438, 293, 229, 211, 192, 185, 141, 139, 96, 81, 73, 61]
26 : 113 => 27 | [76241, 483, 406, 128, 124, 120, 88, 87, 78, 70, 69, 66, 63, 55, 55, 54, 54, 53, 49, 47, 43, 42, 42, 42, 41, 40, 39]
45 : 79 => 13 | [78798, 517, 362, 276, 227, 174, 154, 131, 116, 69, 50, 47, 43]
42 : 68 => 14 | [93359, 250, 230, 140, 131, 130, 111, 99, 91, 65, 63, 61, 55, 48]
44 : 90 => 17 | [82550, 2052, 237, 123, 87, 82, 80, 67, 62, 60, 59, 49, 49, 46, 46, 45, 45]
19 : 89 => 20 | [88798, 553, 364, 306, 242, 193, 163, 120, 110, 100, 98, 96, 93, 87, 76, 67, 62, 58, 49, 46]
27 : 86 => 19 | [79905, 116, 101, 81, 81, 80, 70, 70, 65, 61, 61, 59, 53, 52, 46, 45, 45, 43, 40]
/_predsToRemove/HRF/0_c00005/ ==> /data/HRF/targetVessels/1024x1024/all/
colorMode : Grayscale
daMode : ['noDA']
imageToTensor length: 45
('imgName', 'TP', 'FP', 'TN', 'FN', 'DICE')
('1.tif', 49360, 13010, 960578, 25628, 0.7187058635099521)
('10.tif', 59961, 8668, 972016, 7931, 0.8784143098863911)
('11.tif', 67100, 11285, 957935, 12256, 0.850761691633754)
('12.tif', 97114, 12930, 931623, 6909, 0.9073234080918591)
('13.tif', 67439, 8850, 955253, 17034, 0.8389918015451413)
('14.tif', 68098, 11001, 958421, 11056, 0.8606219155403058)
('15.tif', 88095, 17240, 938233, 5008, 0.8878843769842469)
('16.tif', 73809, 19669, 937820, 17278, 0.7998157830574595)
('17.tif', 69316, 13515, 954379, 11366, 0.8478347287371646)
('18.tif', 97490, 21955, 924417, 4714, 0.8796791323218242)
('19.tif', 78265, 15401, 941494, 13416, 0.8445240548808451)
('2.tif', 63798, 18522, 946800, 19456, 0.7706282387331345)
('20.tif', 66290, 13912, 957622, 10752, 0.8431482282312839)
('21.tif', 87297, 16856, 939384, 5039, 0.8885688257357919)
('22.tif', 72695, 18133, 945948, 11800, 0.8292694056113573)
('23.tif', 69350, 14562, 952742, 11922, 0.839669701666021)
('24.tif', 93331, 24154, 927417, 3674, 0.8702596857662361)
('25.tif', 62980, 18616, 957432, 9548, 0.817264021177753)
('26.tif', 66997, 14933, 954964, 11682, 0.8342869951248062)
('27.tif', 75401, 17413, 950089, 5673, 0.8672363820390137)
('28.tif', 84674, 19810, 928390, 15702, 0.826652347944938)
('29.tif', 66571, 14322, 955138, 12545, 0.8320906948984119)
('3.tif', 85477, 34258, 922574, 6267, 0.8083734082343873)
('30.tif', 81917, 21030, 940003, 5626, 0.8600661452044727)
('31.tif', 83195, 19293, 933301, 12787, 0.838363480626795)
('32.tif', 75609, 17447, 943922, 11598, 0.8388743114227545)
('33.tif', 91389, 17640, 933614, 5933, 0.8857626083711734)
('34.tif', 65842, 17850, 952347, 12537, 0.8125080983025957)
('35.tif', 79453, 21422, 936238, 11463, 0.8285373140554041)
('36.tif', 100815, 20789, 921344, 5628, 0.8841598442426342)
('37.tif', 65878, 16965, 955580, 10153, 0.8293112781197679)
('38.tif', 68082, 15789, 949317, 15388, 0.8136918029652028)
('39.tif', 86201, 15547, 939591, 7237, 0.8832703165186028)
('4.tif', 60429, 17385, 955764, 14998, 0.7886792699081838)
('40.tif', 72450, 20665, 941690, 13771, 0.8079805504750859)
('41.tif', 68824, 17722, 945447, 16583, 0.8004978104482039)
('42.tif', 85923, 16233, 937510, 8910, 0.8723634314606399)
('43.tif', 64937, 13648, 954808, 15183, 0.8183359062411392)
('44.tif', 70764, 18199, 944638, 14975, 0.8101109317580795)
('45.tif', 74186, 17598, 950014, 6778, 0.8588927223470025)
('5.tif', 71942, 19104, 942526, 15004, 0.8083734100409007)
('6.tif', 89504, 25450, 928714, 4908, 0.8550003343427299)
('7.tif', 58178, 14744, 960903, 14751, 0.7977730697766899)
('8.tif', 54493, 15978, 963956, 14149, 0.7834350492046035)
('9.tif', 88794, 33411, 920004, 6367, 0.816999898788219)
('meanDice', 0.836)
/_predsToRemove/HRF/1/ ==> /_predsToRemove/HRF/1_c00005/
5 : 88 => 18 | [84065, 331, 196, 196, 187, 157, 116, 103, 101, 100, 69, 65, 62, 58, 50, 49, 45, 43]
18 : 57 => 13 | [102774, 510, 273, 163, 125, 116, 115, 102, 87, 79, 77, 67, 59]
33 : 39 => 9 | [96212, 614, 255, 213, 126, 90, 73, 64, 52]
15 : 33 => 11 | [94109, 153, 132, 130, 84, 83, 74, 65, 64, 57, 50]
34 : 131 => 45 | [71418, 563, 380, 343, 335, 327, 263, 252, 244, 186, 184, 180, 177, 137, 132, 127, 124, 123, 112, 112, 108, 105, 97, 89, 88, 88, 88, 80, 79, 77, 75, 74, 71, 69, 66, 60, 57, 54, 50, 48, 45, 44, 42, 38, 36]
4 : 114 => 18 | [74617, 608, 497, 208, 159, 158, 150, 119, 97, 95, 90, 72, 52, 48, 45, 42, 41, 40]
13 : 73 => 15 | [81756, 271, 224, 207, 182, 137, 116, 115, 112, 93, 74, 70, 52, 46, 42]
9 : 91 => 11 | [94202, 373, 169, 116, 112, 74, 71, 69, 63, 54, 49]
12 : 40 => 10 | [103034, 916, 191, 177, 107, 100, 90, 68, 63, 57]
1 : 118 => 23 | [71803, 315, 276, 237, 213, 158, 141, 97, 92, 92, 88, 85, 72, 62, 54, 51, 49, 46, 43, 41, 40, 40, 36]
2 : 93 => 17 | [80341, 193, 175, 133, 108, 83, 79, 73, 66, 61, 56, 55, 54, 53, 50, 48, 45]
38 : 74 => 7 | [80783, 108, 101, 80, 64, 62, 50]
11 : 58 => 17 | [74278, 653, 340, 214, 180, 153, 152, 144, 130, 99, 78, 73, 69, 60, 50, 45, 38]
10 : 86 => 27 | [64439, 821, 254, 144, 125, 120, 97, 97, 91, 90, 77, 75, 69, 68, 65, 61, 60, 57, 56, 52, 52, 49, 48, 39, 36, 33, 33]
14 : 76 => 20 | [74473, 841, 184, 112, 108, 99, 90, 88, 86, 83, 77, 72, 59, 58, 57, 53, 50, 48, 44, 41]
23 : 100 => 20 | [77485, 469, 198, 195, 142, 128, 101, 100, 86, 85, 84, 80, 77, 75, 63, 60, 60, 45, 45, 43]
16 : 127 => 43 | [84468, 515, 332, 326, 287, 265, 218, 177, 168, 165, 144, 138, 123, 118, 107, 98, 98, 98, 96, 89, 83, 81, 70, 63, 62, 62, 61, 60, 58, 58, 58, 53, 52, 51, 48, 47, 46, 46, 46, 44, 44, 43, 43]
22 : 100 => 19 | [82031, 401, 199, 146, 128, 125, 118, 112, 95, 87, 73, 72, 62, 60, 45, 44, 44, 44, 42]
28 : 79 => 14 | [96709, 346, 330, 120, 108, 95, 92, 90, 85, 69, 64, 58, 57, 53]
40 : 131 => 31 | [81083, 251, 218, 213, 207, 199, 194, 183, 180, 146, 135, 130, 115, 92, 91, 86, 85, 80, 76, 75, 71, 68, 66, 65, 59, 54, 52, 44, 44, 43, 42]
32 : 74 => 11 | [83630, 441, 313, 272, 137, 92, 73, 66, 57, 55, 43]
3 : 74 => 16 | [87774, 828, 150, 139, 127, 114, 103, 71, 67, 66, 66, 66, 58, 57, 55, 50]
39 : 56 => 17 | [94335, 855, 352, 178, 158, 112, 88, 86, 85, 73, 68, 64, 62, 62, 56, 49, 49]
21 : 90 => 16 | [87969, 274, 267, 192, 150, 133, 112, 109, 84, 64, 59, 57, 56, 50, 50, 44]
41 : 93 => 23 | [80372, 377, 192, 168, 162, 119, 108, 107, 96, 94, 87, 78, 77, 70, 66, 65, 61, 54, 54, 47, 47, 45, 42]
25 : 125 => 30 | [69615, 798, 599, 246, 165, 147, 108, 104, 101, 90, 84, 81, 75, 72, 68, 68, 62, 60, 53, 51, 51, 49, 49, 49, 45, 44, 42, 40, 36, 35]
7 : 142 => 31 | [68342, 852, 393, 378, 334, 220, 208, 206, 189, 143, 121, 103, 101, 98, 87, 85, 83, 79, 72, 72, 49, 49, 48, 47, 45, 42, 39, 38, 37, 36, 36]
30 : 102 => 22 | [85285, 519, 207, 167, 113, 80, 74, 71, 67, 64, 62, 62, 59, 58, 57, 55, 55, 54, 50, 48, 47, 44]
8 : 127 => 28 | [63369, 266, 237, 185, 176, 149, 134, 121, 116, 92, 86, 76, 76, 65, 63, 55, 55, 53, 53, 49, 46, 45, 39, 39, 38, 37, 35, 35]
17 : 76 => 15 | [79532, 179, 146, 99, 90, 73, 67, 66, 65, 52, 50, 50, 48, 43, 40]
31 : 81 => 15 | [91326, 891, 182, 170, 139, 115, 114, 72, 63, 61, 59, 59, 55, 47, 47]
36 : 46 => 19 | [56105, 50445, 698, 436, 333, 201, 179, 127, 114, 86, 77, 68, 63, 57, 57, 54, 46, 41, 38]
20 : 90 => 21 | [73640, 253, 178, 170, 157, 127, 108, 106, 97, 77, 71, 69, 52, 46, 44, 43, 43, 41, 39, 39, 37]
43 : 152 => 34 | [73431, 852, 447, 363, 257, 226, 188, 178, 149, 146, 113, 111, 91, 88, 79, 72, 66, 65, 64, 61, 61, 61, 57, 55, 54, 52, 50, 48, 44, 44, 42, 41, 41, 37]
37 : 105 => 33 | [71438, 714, 277, 229, 184, 169, 161, 149, 134, 133, 127, 110, 108, 107, 106, 90, 90, 88, 87, 81, 68, 64, 64, 60, 54, 52, 48, 46, 46, 42, 41, 39, 37]
29 : 97 => 16 | [74980, 437, 250, 224, 123, 117, 105, 101, 81, 72, 54, 52, 41, 39, 39, 39]
6 : 70 => 12 | [93084, 370, 106, 79, 74, 70, 67, 65, 60, 54, 49, 47]
24 : 76 => 12 | [100175, 427, 194, 170, 119, 99, 85, 71, 66, 60, 53, 51]
35 : 72 => 17 | [87022, 593, 430, 170, 114, 105, 97, 94, 87, 76, 72, 59, 58, 57, 57, 55, 53]
26 : 114 => 27 | [74829, 138, 117, 103, 99, 97, 94, 89, 83, 78, 76, 76, 75, 74, 74, 73, 61, 58, 51, 51, 50, 49, 46, 43, 41, 39, 39]
45 : 64 => 17 | [79659, 577, 520, 270, 261, 193, 152, 124, 107, 79, 63, 56, 55, 54, 50, 46, 41]
42 : 55 => 15 | [97769, 279, 190, 175, 148, 134, 95, 87, 86, 82, 79, 69, 60, 54, 54]
44 : 81 => 16 | [81864, 2044, 198, 92, 89, 88, 80, 75, 71, 68, 64, 63, 58, 53, 48, 43]
19 : 85 => 19 | [88342, 304, 268, 224, 136, 134, 117, 115, 91, 90, 70, 60, 60, 60, 59, 59, 51, 50, 45]
27 : 81 => 20 | [79074, 751, 173, 142, 108, 108, 100, 99, 83, 74, 68, 59, 59, 55, 54, 48, 47, 45, 42, 40]
/_predsToRemove/HRF/1_c00005/ ==> /data/HRF/targetVessels/1024x1024/all/
colorMode : Grayscale
daMode : ['noDA']
imageToTensor length: 45
('imgName', 'TP', 'FP', 'TN', 'FN', 'DICE')
('1.tif', 49524, 12846, 961599, 24607, 0.7256210577211889)
('10.tif', 59632, 8997, 972371, 7576, 0.8779934774766817)
('11.tif', 66643, 11742, 960078, 10113, 0.8591281479428391)
('12.tif', 98032, 12012, 931761, 6771, 0.9125749952291631)
('13.tif', 67463, 8826, 956253, 16034, 0.8444169076139336)
('14.tif', 67051, 12048, 959805, 9672, 0.8606101834144088)
('15.tif', 89711, 15624, 937951, 5290, 0.8956053829566328)
('16.tif', 73387, 20091, 939176, 15922, 0.8029783299687615)
('17.tif', 69517, 13314, 954662, 11083, 0.8507198756661832)
('18.tif', 99570, 19875, 924154, 4977, 0.889049608914604)
('19.tif', 77674, 15992, 942249, 12661, 0.8442780202281509)
('2.tif', 63151, 19169, 947734, 18522, 0.7701670193239956)
('20.tif', 65804, 14398, 958741, 9633, 0.845597825737765)
('21.tif', 85776, 18377, 940529, 3894, 0.885096196013889)
('22.tif', 72619, 18209, 946439, 11309, 0.8310902057726202)
('23.tif', 68881, 15031, 953924, 10740, 0.8424110118447041)
('24.tif', 97132, 20353, 926653, 4438, 0.8868275090730638)
('25.tif', 63742, 17854, 957635, 9345, 0.8241629655488968)
('26.tif', 66218, 15712, 956161, 10485, 0.834857816469461)
('27.tif', 76150, 16664, 950683, 5079, 0.8750711031181949)
('28.tif', 83729, 20755, 929545, 14547, 0.8258926810021701)
('29.tif', 65652, 15241, 956581, 11102, 0.8328988182458277)
('3.tif', 84156, 35579, 923206, 5635, 0.8032988746026746)
('30.tif', 82268, 20679, 940599, 5030, 0.8648637283502851)
('31.tif', 82064, 20424, 934752, 11336, 0.8378665359797435)
('32.tif', 74740, 18316, 945081, 10439, 0.8386680506073443)
('33.tif', 92142, 16887, 933990, 5557, 0.8914322201153206)
('34.tif', 65357, 18335, 952794, 12090, 0.8111878564469185)
('35.tif', 78741, 22134, 937243, 10458, 0.8285299409703589)
('36.tif', 103136, 18468, 920883, 6089, 0.8936138873365131)
('37.tif', 65616, 17227, 956106, 9627, 0.8301304353326671)
('38.tif', 67154, 16717, 950611, 14094, 0.8134012439513321)
('39.tif', 88469, 13279, 938565, 8263, 0.8914651350261991)
('4.tif', 60917, 16897, 954541, 16221, 0.7862692962982085)
('40.tif', 71677, 21438, 942691, 12770, 0.8073461664094795)
('41.tif', 67618, 18928, 947060, 14970, 0.7995790320101221)
('42.tif', 88557, 13599, 935616, 10804, 0.8789035168248832)
('43.tif', 64031, 14554, 956288, 13703, 0.8192350258126011)
('44.tif', 70308, 18655, 944923, 14690, 0.8083191060065187)
('45.tif', 75137, 16647, 949622, 7170, 0.863192238541912)
('5.tif', 71489, 19557, 943026, 14504, 0.8076073633493185)
('6.tif', 89451, 25503, 928948, 4674, 0.8556669966854634)
('7.tif', 58087, 14835, 961109, 14545, 0.7981505145856521)
('8.tif', 53236, 17235, 965551, 12554, 0.7813827874446834)
('9.tif', 88803, 33402, 919822, 6549, 0.8163653663177926)
('meanDice', 0.839)
/_predsToRemove/HRF/2/ ==> /_predsToRemove/HRF/2_c00005/
5 : 144 => 26 | [81910, 528, 309, 203, 164, 155, 154, 119, 114, 89, 83, 83, 79, 75, 74, 69, 65, 65, 64, 62, 59, 58, 58, 46, 41, 41]
18 : 79 => 14 | [96648, 476, 219, 114, 102, 89, 84, 83, 79, 73, 62, 55, 52, 49]
33 : 42 => 9 | [96108, 431, 271, 106, 93, 92, 78, 63, 53]
15 : 47 => 12 | [88403, 312, 173, 154, 136, 122, 103, 98, 55, 54, 52, 50]
34 : 168 => 45 | [68948, 840, 500, 387, 339, 339, 264, 262, 257, 220, 191, 183, 166, 160, 159, 140, 137, 132, 128, 124, 119, 119, 111, 100, 98, 91, 88, 87, 84, 83, 82, 76, 71, 70, 66, 61, 61, 60, 57, 56, 53, 44, 39, 37, 36]
4 : 171 => 21 | [73169, 586, 168, 152, 144, 144, 120, 105, 96, 89, 74, 69, 55, 55, 46, 44, 42, 42, 41, 39, 37]
13 : 83 => 22 | [81182, 548, 296, 280, 196, 167, 139, 115, 110, 105, 103, 94, 94, 65, 61, 57, 49, 44, 44, 43, 42, 42]
9 : 107 => 12 | [95222, 413, 265, 143, 118, 89, 83, 82, 76, 69, 52, 51]
12 : 52 => 15 | [99683, 869, 263, 202, 172, 111, 107, 94, 86, 85, 79, 76, 58, 56, 56]
1 : 153 => 26 | [70833, 304, 302, 248, 245, 243, 168, 135, 114, 99, 98, 93, 74, 73, 71, 64, 61, 61, 59, 44, 39, 37, 36, 36, 36, 36]
2 : 140 => 16 | [79671, 170, 164, 146, 143, 98, 96, 90, 88, 80, 71, 67, 52, 50, 45, 44]
38 : 91 => 14 | [80136, 502, 470, 150, 78, 70, 67, 66, 58, 52, 49, 45, 43, 41]
11 : 64 => 17 | [73953, 313, 276, 177, 137, 133, 95, 85, 67, 66, 66, 60, 54, 52, 48, 41, 39]
10 : 97 => 28 | [64581, 290, 160, 127, 110, 109, 104, 99, 97, 92, 75, 73, 62, 60, 54, 52, 51, 50, 50, 49, 47, 47, 43, 41, 40, 38, 35, 34]
14 : 92 => 23 | [74554, 163, 124, 104, 99, 94, 88, 85, 83, 79, 79, 73, 70, 69, 68, 68, 62, 57, 51, 44, 44, 44, 40]
23 : 126 => 22 | [77114, 488, 279, 183, 144, 142, 97, 92, 88, 76, 73, 70, 68, 64, 59, 56, 54, 51, 48, 45, 44, 39]
16 : 194 => 53 | [82175, 1288, 704, 402, 316, 278, 250, 209, 170, 161, 143, 131, 129, 128, 112, 97, 95, 90, 84, 82, 82, 80, 77, 72, 72, 71, 71, 70, 68, 67, 67, 66, 64, 64, 62, 61, 60, 60, 59, 55, 55, 54, 54, 54, 53, 52, 49, 47, 46, 46, 44, 44, 44]
22 : 121 => 15 | [79872, 351, 174, 148, 143, 118, 111, 79, 76, 68, 67, 63, 61, 41, 41]
28 : 77 => 11 | [97228, 489, 483, 399, 359, 98, 94, 93, 77, 70, 53]
40 : 187 => 28 | [80447, 261, 234, 226, 197, 188, 141, 130, 129, 89, 87, 81, 77, 77, 73, 73, 73, 71, 68, 68, 66, 59, 54, 51, 51, 47, 45, 43]
32 : 110 => 21 | [83079, 442, 257, 247, 184, 173, 161, 140, 130, 116, 96, 96, 80, 76, 73, 70, 68, 50, 49, 47, 42]
3 : 118 => 17 | [87581, 726, 325, 310, 269, 156, 141, 109, 107, 88, 72, 71, 64, 60, 54, 49, 48]
39 : 67 => 18 | [92118, 421, 344, 183, 158, 111, 104, 89, 82, 73, 71, 68, 62, 61, 58, 55, 49, 49]
21 : 70 => 19 | [89339, 217, 179, 146, 131, 119, 98, 87, 79, 79, 67, 66, 59, 57, 57, 52, 52, 46, 46]
41 : 100 => 27 | [82671, 337, 289, 267, 184, 181, 136, 129, 93, 86, 84, 65, 60, 56, 53, 51, 48, 48, 48, 47, 46, 45, 44, 43, 43, 42, 42]
25 : 131 => 24 | [68161, 575, 402, 376, 266, 157, 91, 87, 78, 64, 63, 62, 58, 54, 51, 51, 50, 48, 46, 42, 37, 37, 36, 35]
7 : 198 => 38 | [64785, 1648, 796, 329, 249, 204, 191, 180, 176, 166, 162, 153, 130, 125, 118, 113, 110, 108, 106, 104, 101, 88, 80, 79, 68, 67, 66, 63, 59, 52, 49, 49, 46, 45, 40, 37, 36, 34]
30 : 160 => 30 | [79937, 525, 202, 143, 140, 135, 134, 116, 105, 85, 82, 81, 77, 73, 66, 66, 65, 62, 60, 58, 58, 56, 53, 49, 48, 47, 45, 43, 41, 41]
8 : 169 => 25 | [62489, 403, 267, 259, 233, 201, 165, 140, 138, 132, 120, 117, 110, 92, 82, 78, 73, 72, 68, 57, 48, 41, 38, 36, 35]
17 : 112 => 24 | [76194, 633, 219, 186, 174, 97, 90, 86, 78, 74, 73, 70, 55, 54, 54, 47, 47, 45, 45, 43, 41, 41, 40, 39]
31 : 109 => 11 | [91916, 1135, 280, 172, 113, 100, 82, 70, 57, 48, 48]
36 : 68 => 17 | [53817, 48460, 471, 412, 280, 168, 118, 83, 67, 65, 55, 52, 47, 46, 43, 37, 32]
20 : 117 => 21 | [73998, 201, 182, 130, 127, 100, 94, 91, 79, 70, 64, 64, 64, 50, 49, 47, 41, 41, 41, 39, 37]
43 : 116 => 24 | [75050, 719, 228, 222, 190, 186, 168, 151, 111, 102, 101, 89, 86, 84, 64, 63, 60, 52, 52, 52, 46, 43, 42, 40]
37 : 142 => 32 | [69870, 271, 240, 196, 180, 155, 147, 140, 125, 119, 113, 91, 89, 85, 81, 75, 74, 68, 67, 65, 53, 51, 50, 46, 42, 42, 41, 40, 39, 37, 36, 35]
29 : 102 => 16 | [75167, 336, 303, 246, 208, 134, 93, 88, 85, 74, 66, 64, 62, 59, 41, 38]
6 : 103 => 17 | [91757, 195, 122, 118, 100, 96, 93, 87, 84, 75, 74, 66, 65, 53, 52, 51, 49]
24 : 112 => 20 | [94402, 435, 362, 195, 144, 130, 115, 106, 97, 92, 88, 68, 65, 60, 57, 57, 55, 54, 53, 49]
35 : 112 => 21 | [85780, 385, 321, 229, 205, 180, 115, 93, 85, 72, 70, 69, 67, 61, 60, 57, 54, 53, 48, 46, 43]
26 : 125 => 28 | [74959, 154, 149, 129, 128, 105, 104, 95, 80, 79, 77, 77, 73, 72, 70, 70, 68, 66, 65, 59, 54, 53, 53, 49, 48, 43, 42, 41]
45 : 91 => 21 | [75273, 477, 409, 378, 351, 304, 266, 178, 177, 132, 126, 105, 94, 90, 73, 68, 68, 48, 48, 47, 39]
42 : 59 => 20 | [47849, 46312, 242, 238, 151, 131, 121, 108, 108, 108, 105, 85, 81, 72, 59, 50, 49, 38, 27, 26]
44 : 101 => 14 | [82194, 2004, 249, 136, 120, 116, 100, 70, 59, 55, 52, 48, 46, 44]
19 : 109 => 22 | [84366, 1755, 759, 347, 345, 280, 209, 139, 116, 99, 86, 77, 75, 71, 69, 63, 61, 58, 51, 48, 45, 44]
27 : 107 => 24 | [74063, 526, 256, 156, 124, 97, 94, 90, 88, 87, 80, 69, 66, 65, 62, 59, 51, 47, 45, 42, 42, 40, 40, 39]
/_predsToRemove/HRF/2_c00005/ ==> /data/HRF/targetVessels/1024x1024/all/
colorMode : Grayscale
daMode : ['noDA']
imageToTensor length: 45
('imgName', 'TP', 'FP', 'TN', 'FN', 'DICE')
('1.tif', 49350, 13020, 961947, 24259, 0.725847373491495)
('10.tif', 59836, 8793, 973113, 6834, 0.8845002549907982)
('11.tif', 66681, 11704, 961210, 8981, 0.8657227988860543)
('12.tif', 96562, 13482, 933097, 5435, 0.910786121551964)
('13.tif', 67922, 8367, 956333, 15954, 0.8481503449567633)
('14.tif', 67260, 11839, 960495, 8982, 0.8659658428875828)
('15.tif', 86240, 19095, 939769, 3472, 0.8842996816152005)
('16.tif', 73244, 20234, 939308, 15790, 0.8026211975103007)
('17.tif', 68737, 14094, 955957, 9788, 0.8519918689109794)
('18.tif', 94863, 24582, 925809, 3322, 0.8717823829435281)
('19.tif', 77246, 16420, 942993, 11917, 0.8450081770397475)
('2.tif', 62847, 19473, 948028, 18228, 0.7692646653814377)
('20.tif', 66057, 14145, 958822, 9552, 0.84791189325529)
('21.tif', 86933, 17220, 940380, 4043, 0.8910310615029032)
('22.tif', 71523, 19305, 947858, 9890, 0.830499126224302)
('23.tif', 68945, 14967, 954235, 10429, 0.8444692135271854)
('24.tif', 93623, 23862, 928030, 3061, 0.8742908637571264)
('25.tif', 62707, 18889, 958760, 8220, 0.8222628718291668)
('26.tif', 66645, 15285, 956229, 10417, 0.8383440676260441)
('27.tif', 72967, 19847, 952401, 3361, 0.8627898452188102)
('28.tif', 84614, 19870, 929263, 14829, 0.8298459742947231)
('29.tif', 66283, 14610, 956902, 10781, 0.8392537209493723)
('3.tif', 84579, 35156, 923190, 5651, 0.8056485604743647)
('30.tif', 79106, 23841, 942042, 3587, 0.8522516698987287)
('31.tif', 82711, 19777, 934778, 11310, 0.8418036832918594)
('32.tif', 75378, 17678, 945222, 10298, 0.8434751471476848)
('33.tif', 92017, 17012, 934269, 5278, 0.8919660340047691)
('34.tif', 64912, 18780, 954071, 10813, 0.814367351035335)
('35.tif', 78173, 22702, 937781, 9920, 0.8273675966301173)
('36.tif', 99914, 21690, 922633, 4339, 0.8847545128112035)
('37.tif', 64529, 18314, 957499, 8234, 0.8293896122257497)
('38.tif', 67713, 16158, 950591, 14114, 0.8173061835387271)
('39.tif', 87409, 14339, 940081, 6747, 0.8923656484808886)
('4.tif', 60116, 17698, 955561, 15201, 0.7851578060614768)
('40.tif', 71547, 21568, 943802, 11659, 0.8115539272123002)
('41.tif', 69373, 17173, 946165, 15865, 0.807677082848228)
('42.tif', 87318, 14838, 937778, 8642, 0.8814835752791293)
('43.tif', 64316, 14269, 956306, 13685, 0.8214782930785639)
('44.tif', 70626, 18337, 944946, 14667, 0.8106004958222386)
('45.tif', 73054, 18730, 951095, 5697, 0.856762541413786)
('5.tif', 70750, 20296, 943513, 14017, 0.8048324071598801)
('6.tif', 88309, 26645, 928794, 4828, 0.8487536702692572)
('7.tif', 57022, 15900, 961664, 13990, 0.792335375936193)
('8.tif', 52890, 17581, 965501, 12604, 0.7779943367778472)
('9.tif', 89725, 32480, 919433, 6938, 0.8199005793446278)
('meanDice', 0.838)
