/_predsToRemove/HRF/0/ ==> /_predsToRemove/HRF/0_c001/
5 : 118 => 1 | [84289]
18 : 69 => 1 | [100488]
33 : 45 => 1 | [95604]
15 : 54 => 1 | [92255]
34 : 147 => 2 | [71946, 922]
4 : 110 => 1 | [73677]
13 : 52 => 1 | [83197]
9 : 118 => 1 | [92451]
12 : 58 => 1 | [102131]
1 : 130 => 1 | [71480]
2 : 101 => 1 | [81853]
38 : 69 => 1 | [81721]
11 : 87 => 1 | [76586]
10 : 87 => 1 | [65671]
14 : 73 => 1 | [77832]
23 : 84 => 1 | [79215]
16 : 147 => 1 | [85598]
22 : 118 => 2 | [81257, 843]
28 : 68 => 1 | [99130]
40 : 128 => 2 | [80877, 1503]
32 : 84 => 1 | [85517]
3 : 102 => 1 | [89773]
39 : 55 => 2 | [88322, 2408]
21 : 80 => 1 | [89940]
41 : 100 => 1 | [83191]
25 : 115 => 2 | [68703, 711]
7 : 160 => 2 | [68230, 1645]
30 : 99 => 1 | [85857]
8 : 124 => 1 | [66298]
17 : 90 => 1 | [78307]
31 : 83 => 1 | [94579]
36 : 52 => 2 | [54934, 49218]
20 : 113 => 1 | [75095]
43 : 135 => 2 | [76073, 806]
37 : 85 => 1 | [73420]
29 : 82 => 2 | [76359, 1059]
6 : 93 => 1 | [93586]
24 : 102 => 1 | [94639]
35 : 89 => 1 | [88777]
26 : 113 => 1 | [76241]
45 : 79 => 1 | [78798]
42 : 68 => 1 | [93359]
44 : 90 => 2 | [82550, 2052]
19 : 89 => 1 | [88798]
27 : 86 => 1 | [79905]
/_predsToRemove/HRF/0_c001/ ==> /data/HRF/targetVessels/1024x1024/all/
colorMode : Grayscale
daMode : ['noDA']
imageToTensor length: 45
('imgName', 'TP', 'FP', 'TN', 'FN', 'DICE')
('1.tif', 48581, 13789, 963307, 22899, 0.7259021292491595)
('10.tif', 58288, 10341, 972564, 7383, 0.8680268056589725)
('11.tif', 65190, 13195, 958795, 11396, 0.8413186983371083)
('12.tif', 95560, 14484, 931961, 6571, 0.9007658772239896)
('13.tif', 66688, 9601, 955778, 16509, 0.8362865706080784)
('14.tif', 67225, 11874, 958870, 10607, 0.8567459584148447)
('15.tif', 87353, 17982, 938339, 4902, 0.8841844222885774)
('16.tif', 69958, 23520, 939458, 15640, 0.7813218968482656)
('17.tif', 67653, 15178, 955091, 10654, 0.8396902034281175)
('18.tif', 96004, 23441, 924647, 4484, 0.8730295135336671)
('19.tif', 76380, 17286, 942492, 12418, 0.8372062434233603)
('2.tif', 63261, 19059, 947664, 18592, 0.7706626546387043)
('20.tif', 64932, 15270, 958211, 10163, 0.8362299336110807)
('21.tif', 85158, 18995, 939641, 4782, 0.8774968700571376)
('22.tif', 71055, 19773, 946703, 11045, 0.8217871021465581)
('23.tif', 67886, 16026, 953335, 11329, 0.8323085693968503)
('24.tif', 91287, 26198, 927739, 3352, 0.8606946880126718)
('25.tif', 60620, 20976, 958186, 8794, 0.8028607376994901)
('26.tif', 65293, 16637, 955698, 10948, 0.8256001416188808)
('27.tif', 74481, 18333, 950338, 5424, 0.8624528859013774)
('28.tif', 83792, 20692, 928754, 15338, 0.8230475311127918)
('29.tif', 65448, 15445, 955713, 11970, 0.8268282052415814)
('3.tif', 84201, 35534, 923269, 5572, 0.8037974683544303)
('30.tif', 80525, 22422, 940297, 5332, 0.8530009957416157)
('31.tif', 82167, 20321, 933676, 12412, 0.8338991307524852)
('32.tif', 74365, 18691, 944368, 11152, 0.8328806706500983)
('33.tif', 89959, 19070, 933902, 5645, 0.8792228037511056)
('34.tif', 62123, 21569, 954139, 10745, 0.7935998978027593)
('35.tif', 77885, 22990, 936809, 10892, 0.8213464661590703)
('36.tif', 98956, 22648, 921776, 5196, 0.8766633002002162)
('37.tif', 64121, 18722, 956434, 9299, 0.8206805193807876)
('38.tif', 66837, 17034, 949821, 14884, 0.8072491424706507)
('39.tif', 83858, 17890, 939956, 6872, 0.8713515310840719)
('4.tif', 59449, 18365, 956534, 14228, 0.7848519053937197)
('40.tif', 69924, 23191, 943005, 12456, 0.7968774039146415)
('41.tif', 67386, 19160, 946225, 15805, 0.7940048427861928)
('42.tif', 84778, 17378, 937839, 8581, 0.8672275784466665)
('43.tif', 62917, 15668, 956029, 13962, 0.8094092523027839)
('44.tif', 70070, 18893, 945081, 14532, 0.8074208509780197)
('45.tif', 72380, 19404, 950374, 6418, 0.8486241221230845)
('5.tif', 70408, 20638, 943649, 13881, 0.8031254455756124)
('6.tif', 89004, 25950, 929040, 4582, 0.8535916370960007)
('7.tif', 56958, 15964, 962737, 12917, 0.797747851845627)
('8.tif', 53519, 16952, 965326, 12779, 0.7826188683108014)
('9.tif', 86359, 35846, 920279, 6092, 0.8046269379844961)
('meanDice', 0.83)
/_predsToRemove/HRF/1/ ==> /_predsToRemove/HRF/1_c001/
5 : 88 => 1 | [84065]
18 : 57 => 1 | [102774]
33 : 39 => 1 | [96212]
15 : 33 => 1 | [94109]
34 : 131 => 1 | [71418]
4 : 114 => 1 | [74617]
13 : 73 => 1 | [81756]
9 : 91 => 1 | [94202]
12 : 40 => 1 | [103034]
1 : 118 => 1 | [71803]
2 : 93 => 1 | [80341]
38 : 74 => 1 | [80783]
11 : 58 => 1 | [74278]
10 : 86 => 2 | [64439, 821]
14 : 76 => 2 | [74473, 841]
23 : 100 => 1 | [77485]
16 : 127 => 1 | [84468]
22 : 100 => 1 | [82031]
28 : 79 => 1 | [96709]
40 : 131 => 1 | [81083]
32 : 74 => 1 | [83630]
3 : 74 => 1 | [87774]
39 : 56 => 1 | [94335]
21 : 90 => 1 | [87969]
41 : 93 => 1 | [80372]
25 : 125 => 2 | [69615, 798]
7 : 142 => 2 | [68342, 852]
30 : 102 => 1 | [85285]
8 : 127 => 1 | [63369]
17 : 76 => 1 | [79532]
31 : 81 => 1 | [91326]
36 : 46 => 3 | [56105, 50445, 698]
20 : 90 => 1 | [73640]
43 : 152 => 2 | [73431, 852]
37 : 105 => 1 | [71438]
29 : 97 => 1 | [74980]
6 : 70 => 1 | [93084]
24 : 76 => 1 | [100175]
35 : 72 => 1 | [87022]
26 : 114 => 1 | [74829]
45 : 64 => 1 | [79659]
42 : 55 => 1 | [97769]
44 : 81 => 2 | [81864, 2044]
19 : 85 => 1 | [88342]
27 : 81 => 1 | [79074]
/_predsToRemove/HRF/1_c001/ ==> /data/HRF/targetVessels/1024x1024/all/
colorMode : Grayscale
daMode : ['noDA']
imageToTensor length: 45
('imgName', 'TP', 'FP', 'TN', 'FN', 'DICE')
('1.tif', 49022, 13348, 963425, 22781, 0.73072823891543)
('10.tif', 58184, 10445, 972871, 7076, 0.8691378679353793)
('11.tif', 64768, 13617, 960681, 9510, 0.8485094620176468)
('12.tif', 96561, 13483, 932059, 6473, 0.9063441556613071)
('13.tif', 66250, 10039, 956781, 15506, 0.8383688190072448)
('14.tif', 66134, 12965, 960297, 9180, 0.8565859092174881)
('15.tif', 88977, 16358, 938109, 5132, 0.8922504562684263)
('16.tif', 69959, 23519, 940589, 14509, 0.7862947186225034)
('17.tif', 68771, 14060, 954984, 10761, 0.8471265004958026)
('18.tif', 98049, 21396, 924406, 4725, 0.8824537955800359)
('19.tif', 76277, 17389, 942845, 12065, 0.8381719484857808)
('2.tif', 62609, 19711, 948524, 17732, 0.769809604023091)
('20.tif', 64616, 15586, 959350, 9024, 0.8400306808283824)
('21.tif', 84295, 19858, 940749, 3674, 0.8775153288014907)
('22.tif', 71295, 19533, 947012, 10736, 0.824891963970635)
('23.tif', 67451, 16461, 954630, 10034, 0.835839575704629)
('24.tif', 95899, 21586, 926815, 4276, 0.8811816594688965)
('25.tif', 61742, 19854, 958309, 8671, 0.8123466373701557)
('26.tif', 64885, 17045, 956702, 9944, 0.8278312568975306)
('27.tif', 74263, 18551, 950951, 4811, 0.864085916410686)
('28.tif', 82666, 21818, 930049, 14043, 0.8217582122638462)
('29.tif', 64482, 16411, 957185, 10498, 0.8273658683671964)
('3.tif', 82575, 37160, 923642, 5199, 0.7958690948344409)
('30.tif', 80544, 22403, 940888, 4741, 0.8557949764120872)
('31.tif', 80474, 22014, 935236, 10852, 0.8304250466942532)
('32.tif', 73595, 19461, 945485, 10035, 0.8330597783638771)
('33.tif', 90867, 18162, 934202, 5345, 0.8854663541884906)
('34.tif', 61155, 22537, 954621, 10263, 0.7885371671716846)
('35.tif', 77192, 23683, 937871, 9830, 0.821641644092242)
('36.tif', 101598, 20006, 921322, 5650, 0.8878926118189922)
('37.tif', 62873, 19970, 957168, 8565, 0.8150452745315366)
('38.tif', 66840, 17031, 950762, 13943, 0.8118843149877926)
('39.tif', 86409, 15339, 938902, 7926, 0.8813512645155368)
('4.tif', 59591, 18223, 955736, 15026, 0.7818750779041008)
('40.tif', 69435, 23680, 943813, 11648, 0.7971962938724899)
('41.tif', 66168, 20378, 947826, 14204, 0.7928204267963911)
('42.tif', 87241, 14915, 935892, 10528, 0.8727372764786795)
('43.tif', 61696, 16889, 957404, 12587, 0.8071800507627496)
('44.tif', 69679, 19284, 945384, 14229, 0.8061386814445454)
('45.tif', 73160, 18624, 950293, 6499, 0.8534615003237227)
('5.tif', 70472, 20574, 943937, 13593, 0.8048837594440098)
('6.tif', 88707, 26247, 929245, 4377, 0.8527961237850777)
('7.tif', 56924, 15998, 963384, 12270, 0.8010920656365222)
('8.tif', 52155, 18316, 966891, 11214, 0.7793634190077705)
('9.tif', 87822, 34383, 919991, 6380, 0.8116373315096093)
('meanDice', 0.832)
/_predsToRemove/HRF/2/ ==> /_predsToRemove/HRF/2_c001/
5 : 144 => 1 | [81910]
18 : 79 => 1 | [96648]
33 : 42 => 1 | [96108]
15 : 47 => 1 | [88403]
34 : 168 => 2 | [68948, 840]
4 : 171 => 1 | [73169]
13 : 83 => 1 | [81182]
9 : 107 => 1 | [95222]
12 : 52 => 1 | [99683]
1 : 153 => 1 | [70833]
2 : 140 => 1 | [79671]
38 : 91 => 1 | [80136]
11 : 64 => 1 | [73953]
10 : 97 => 1 | [64581]
14 : 92 => 1 | [74554]
23 : 126 => 1 | [77114]
16 : 194 => 2 | [82175, 1288]
22 : 121 => 1 | [79872]
28 : 77 => 1 | [97228]
40 : 187 => 1 | [80447]
32 : 110 => 1 | [83079]
3 : 118 => 1 | [87581]
39 : 67 => 1 | [92118]
21 : 70 => 1 | [89339]
41 : 100 => 1 | [82671]
25 : 131 => 1 | [68161]
7 : 198 => 3 | [64785, 1648, 796]
30 : 160 => 1 | [79937]
8 : 169 => 1 | [62489]
17 : 112 => 1 | [76194]
31 : 109 => 2 | [91916, 1135]
36 : 68 => 2 | [53817, 48460]
20 : 117 => 1 | [73998]
43 : 116 => 1 | [75050]
37 : 142 => 1 | [69870]
29 : 102 => 1 | [75167]
6 : 103 => 1 | [91757]
24 : 112 => 1 | [94402]
35 : 112 => 1 | [85780]
26 : 125 => 1 | [74959]
45 : 91 => 1 | [75273]
42 : 59 => 2 | [47849, 46312]
44 : 101 => 2 | [82194, 2004]
19 : 109 => 2 | [84366, 1755]
27 : 107 => 1 | [74063]
/_predsToRemove/HRF/2_c001/ ==> /data/HRF/targetVessels/1024x1024/all/
colorMode : Grayscale
daMode : ['noDA']
imageToTensor length: 45
('imgName', 'TP', 'FP', 'TN', 'FN', 'DICE')
('1.tif', 48689, 13681, 964062, 22144, 0.7310496009849629)
('10.tif', 58248, 10381, 973614, 6333, 0.8745289392688237)
('11.tif', 65442, 12943, 961680, 8511, 0.8591684281006708)
('12.tif', 94653, 15391, 933502, 5030, 0.9026305625885079)
('13.tif', 65992, 10297, 957097, 15190, 0.8381479764528071)
('14.tif', 66100, 12999, 961023, 8454, 0.8603802073503284)
('15.tif', 85097, 20238, 939935, 3306, 0.8784750539388246)
('16.tif', 69306, 24172, 940941, 14157, 0.7833797706580159)
('17.tif', 67066, 15765, 956617, 9128, 0.843464864015092)
('18.tif', 93498, 25947, 925981, 3150, 0.8653496411267371)
('19.tif', 75067, 18599, 943856, 11054, 0.8350659391390923)
('2.tif', 62221, 20099, 948806, 17450, 0.7682031717811484)
('20.tif', 64901, 15301, 959277, 9097, 0.8417769130998703)
('21.tif', 85502, 18651, 940586, 3837, 0.8837781406983235)
('22.tif', 70434, 20394, 948310, 9438, 0.8252372583479789)
('23.tif', 67280, 16632, 954830, 9834, 0.8356414492069604)
('24.tif', 91571, 25914, 928260, 2831, 0.8643380669885363)
('25.tif', 60660, 20936, 959479, 7501, 0.8101123820589354)
('26.tif', 65135, 16795, 956822, 9824, 0.830332273135784)
('27.tif', 70992, 21822, 952691, 3071, 0.8508302522216962)
('28.tif', 82972, 21512, 929836, 14256, 0.8226778773697152)
('29.tif', 64921, 15972, 957437, 10246, 0.83200051262335)
('3.tif', 82755, 36980, 924015, 4826, 0.7983464855582781)
('30.tif', 76696, 26251, 942388, 3241, 0.8387393101638196)
('31.tif', 82029, 20459, 935066, 11022, 0.8390039838599972)
('32.tif', 73387, 19669, 945828, 9692, 0.8333039997729015)
('33.tif', 90976, 18053, 934415, 5132, 0.8869779708195011)
('34.tif', 60775, 22917, 955871, 9013, 0.7919598644774564)
('35.tif', 76418, 24457, 938339, 9362, 0.8188154616806408)
('36.tif', 98167, 23437, 922862, 4110, 0.8769569548108147)
('37.tif', 62344, 20499, 958207, 7526, 0.8164858263540105)
('38.tif', 66497, 17374, 951066, 13639, 0.8109044126165347)
('39.tif', 85611, 16137, 940321, 6507, 0.8831976726192319)
('4.tif', 58991, 18823, 956584, 14178, 0.7814257234258162)
('40.tif', 69548, 23567, 944562, 10899, 0.8014196655950035)
('41.tif', 67691, 18855, 947050, 14980, 0.80004964040256)
('42.tif', 85816, 16340, 938075, 8345, 0.8742594884803659)
('43.tif', 62308, 16277, 957249, 12742, 0.8111172584372051)
('44.tif', 69944, 19019, 945359, 14254, 0.8078493425193894)
('45.tif', 70203, 21581, 951722, 5070, 0.8404676248226653)
('5.tif', 69051, 21995, 944671, 12859, 0.7984805384028307)
('6.tif', 87298, 27656, 929163, 4459, 0.8446381663288359)
('7.tif', 55546, 17376, 963971, 11683, 0.7926593459911095)
('8.tif', 51395, 19076, 967011, 11094, 0.773089651022864)
('9.tif', 88452, 33753, 919601, 6770, 0.813624802807379)
('meanDice', 0.83)
