/_predsToRemove/DRHAGIS/0/ ==> /_predsToRemove/DRHAGIS/0_c0001/
5 : 64 => 15 | [40429, 840, 621, 509, 375, 235, 125, 83, 77, 77, 76, 60, 57, 46, 41]
18 : 93 => 11 | [70439, 353, 266, 257, 158, 146, 130, 125, 121, 101, 85]
33 : 34 => 10 | [37325, 518, 242, 138, 135, 130, 95, 92, 73, 50]
15 : 95 => 12 | [61748, 3147, 501, 467, 302, 273, 252, 102, 86, 81, 78, 78]
34 : 63 => 11 | [38255, 239, 226, 172, 134, 89, 86, 85, 64, 44, 39]
4 : 57 => 11 | [47867, 177, 164, 163, 120, 111, 87, 73, 53, 52, 49]
13 : 128 => 47 | [14171, 462, 321, 222, 185, 164, 148, 112, 106, 87, 87, 82, 76, 74, 67, 61, 60, 55, 54, 53, 53, 49, 49, 43, 39, 30, 29, 29, 29, 27, 27, 25, 24, 24, 24, 23, 23, 23, 21, 21, 21, 20, 19, 18, 18, 18, 17]
9 : 69 => 30 | [23501, 19859, 395, 280, 227, 199, 186, 179, 171, 171, 143, 103, 96, 91, 82, 80, 73, 67, 50, 48, 47, 47, 45, 45, 43, 38, 37, 36, 32, 24]
12 : 63 => 23 | [25879, 965, 897, 307, 302, 299, 217, 186, 163, 149, 136, 135, 131, 88, 84, 83, 83, 72, 71, 47, 32, 28, 27]
1 : 77 => 24 | [35395, 395, 374, 324, 298, 169, 162, 144, 109, 101, 100, 81, 74, 72, 69, 64, 62, 55, 48, 44, 43, 42, 37, 36]
2 : 63 => 18 | [42546, 389, 198, 169, 132, 111, 93, 92, 70, 64, 61, 59, 57, 54, 51, 46, 45, 43]
38 : 111 => 20 | [62196, 490, 244, 213, 166, 138, 118, 116, 111, 99, 95, 90, 88, 85, 76, 74, 71, 68, 68, 63]
11 : 37 => 7 | [53466, 253, 110, 103, 102, 79, 65]
10 : 48 => 15 | [65522, 237, 201, 194, 171, 149, 126, 122, 100, 92, 92, 88, 82, 81, 80]
14 : 72 => 16 | [51021, 376, 314, 216, 169, 152, 139, 125, 113, 99, 77, 69, 65, 64, 56, 55]
23 : 72 => 15 | [48386, 286, 222, 221, 209, 175, 164, 105, 101, 74, 68, 68, 65, 57, 55]
16 : 86 => 17 | [59418, 1226, 597, 481, 396, 282, 206, 170, 150, 118, 113, 92, 79, 76, 76, 76, 75]
22 : 69 => 16 | [43703, 581, 439, 153, 119, 114, 109, 86, 64, 64, 61, 57, 54, 47, 46, 45]
28 : 39 => 18 | [27032, 612, 518, 489, 393, 282, 210, 166, 78, 77, 74, 69, 49, 33, 33, 33, 31, 28]
40 : 58 => 12 | [52850, 250, 173, 112, 110, 107, 103, 97, 82, 72, 69, 58]
32 : 44 => 17 | [34362, 266, 143, 100, 92, 88, 71, 67, 61, 57, 56, 51, 42, 41, 39, 37, 37]
3 : 77 => 24 | [54414, 1844, 765, 505, 453, 342, 285, 229, 222, 212, 199, 183, 162, 118, 111, 110, 92, 87, 81, 80, 78, 72, 68, 59]
39 : 48 => 16 | [42663, 306, 260, 243, 153, 143, 119, 107, 87, 78, 67, 63, 57, 49, 49, 46]
21 : 69 => 11 | [55150, 431, 248, 240, 166, 124, 94, 85, 84, 79, 62]
25 : 66 => 24 | [29258, 532, 382, 278, 221, 175, 167, 161, 156, 134, 122, 114, 100, 97, 81, 80, 79, 76, 72, 66, 57, 45, 42, 38]
7 : 90 => 12 | [65942, 533, 360, 266, 244, 220, 183, 155, 125, 108, 82, 74]
30 : 47 => 12 | [72566, 621, 429, 277, 260, 183, 178, 176, 135, 127, 118, 74]
8 : 60 => 15 | [47272, 761, 727, 493, 380, 350, 263, 185, 106, 104, 101, 90, 78, 51, 49]
17 : 79 => 15 | [59284, 1779, 334, 123, 120, 118, 95, 92, 90, 77, 76, 76, 76, 75, 71]
31 : 40 => 8 | [51205, 227, 193, 109, 83, 78, 66, 65]
36 : 76 => 18 | [59092, 787, 325, 285, 240, 237, 136, 133, 122, 119, 101, 101, 80, 72, 71, 70, 68, 63]
20 : 87 => 5 | [88450, 1191, 494, 273, 171]
37 : 53 => 22 | [33975, 478, 239, 143, 137, 110, 110, 103, 91, 90, 85, 82, 82, 65, 59, 57, 56, 49, 46, 43, 36, 34]
29 : 69 => 20 | [43614, 710, 334, 260, 164, 159, 118, 105, 86, 82, 74, 69, 68, 63, 61, 56, 50, 49, 46, 44]
6 : 110 => 32 | [25772, 304, 273, 143, 132, 110, 106, 102, 101, 100, 94, 80, 74, 70, 66, 53, 49, 47, 45, 42, 42, 41, 39, 32, 31, 30, 29, 28, 28, 27, 26, 26]
24 : 44 => 17 | [34362, 266, 143, 100, 92, 88, 71, 67, 61, 57, 56, 51, 42, 41, 39, 37, 37]
35 : 57 => 23 | [22163, 847, 182, 175, 142, 127, 126, 120, 120, 117, 117, 115, 115, 102, 71, 70, 67, 65, 65, 61, 38, 32, 27]
26 : 63 => 23 | [24184, 10608, 315, 292, 221, 213, 158, 151, 138, 124, 113, 99, 79, 71, 63, 58, 54, 54, 44, 37, 34, 30, 26]
19 : 152 => 21 | [44247, 2016, 1651, 1320, 225, 222, 187, 160, 139, 124, 120, 99, 75, 62, 62, 60, 52, 47, 47, 47, 45]
27 : 66 => 21 | [41017, 542, 503, 486, 277, 155, 137, 82, 80, 79, 77, 74, 62, 60, 59, 58, 57, 51, 48, 48, 42]
/_predsToRemove/DRHAGIS/0_c0001/ ==> /data/DRHAGIS/targetVessels/1024x1024/all/
colorMode : Grayscale
daMode : ['noDA']
imageToTensor length: 40
('imgName', 'TP', 'FP', 'TN', 'FN', 'DICE')
('1.png', 27933, 5331, 1004947, 10365, 0.7806657164416869)
('10.png', 58399, 6113, 975126, 8938, 0.8858466882570213)
('11.png', 46260, 4837, 989561, 7918, 0.8788411303728331)
('12.png', 23796, 2686, 1015509, 6585, 0.8369590067354871)
('13.png', 12049, 1866, 1029320, 5341, 0.769781185114199)
('14.png', 43179, 4660, 990806, 9931, 0.855461668763435)
('15.png', 54714, 6665, 974796, 12401, 0.8516195308730369)
('16.png', 48503, 5431, 979514, 15128, 0.8251265257517119)
('17.png', 48956, 7181, 978909, 13530, 0.8254048540333662)
('18.png', 56871, 6357, 970038, 15310, 0.8399884793477539)
('19.png', 35221, 5490, 992079, 15786, 0.7680280860899714)
('2.png', 32608, 10505, 993791, 11672, 0.746238257068644)
('20.png', 72075, 7579, 950418, 18504, 0.8467805889574876)
('21.png', 46016, 8129, 983684, 10747, 0.8298048833267212)
('22.png', 36673, 7054, 995780, 9069, 0.8197923303043513)
('23.png', 40207, 11306, 987014, 10049, 0.7901620336251707)
('24.png', 28694, 5552, 1007414, 6916, 0.8215185524507559)
('25.png', 23603, 7501, 1008542, 8930, 0.7418011534170372)
('26.png', 28568, 8474, 1002936, 8598, 0.7699439413540319)
('27.png', 34444, 8961, 995621, 9550, 0.7882012380004347)
('28.png', 22704, 6267, 1012102, 7503, 0.7673121768224678)
('29.png', 37363, 7138, 995226, 8849, 0.8237628564814304)
('3.png', 49193, 9379, 978426, 11578, 0.8243969063958506)
('30.png', 61985, 10049, 963383, 13159, 0.8423133892293685)
('31.png', 44538, 11094, 985456, 7488, 0.8273978710360587)
('32.png', 28694, 5552, 1007414, 6916, 0.8215185524507559)
('33.png', 30803, 7420, 1002358, 7995, 0.799859778501967)
('34.png', 32533, 9655, 999488, 6900, 0.7971722963453033)
('35.png', 19956, 6882, 1016630, 5108, 0.7689877076027899)
('36.png', 52182, 14189, 972285, 9920, 0.8123418928490811)
('37.png', 28165, 7883, 1004523, 8005, 0.7799994461214655)
('38.png', 49826, 13783, 970124, 14843, 0.7768440418466144)
('39.png', 34288, 7429, 996657, 10202, 0.7954806454232255)
('4.png', 39152, 7511, 992149, 9764, 0.8192594607602088)
('40.png', 43100, 9257, 985236, 10983, 0.8098459225854941)
('5.png', 32694, 7328, 997597, 10957, 0.7814707253235811)
('6.png', 20193, 8600, 1011834, 7949, 0.7093352068147888)
('7.png', 52405, 10447, 969837, 15887, 0.7991978283413652)
('8.png', 36981, 7016, 990550, 14029, 0.778490005999558)
('9.png', 36688, 8151, 994030, 9707, 0.8042615691518513)
('meanDice', 0.805)
/_predsToRemove/DRHAGIS/1/ ==> /_predsToRemove/DRHAGIS/1_c0001/
5 : 84 => 18 | [42294, 497, 195, 94, 85, 82, 75, 66, 64, 62, 59, 58, 57, 56, 52, 50, 50, 43]
18 : 97 => 9 | [67485, 2605, 669, 136, 104, 102, 98, 96, 82]
33 : 41 => 12 | [36129, 607, 423, 176, 85, 75, 69, 67, 62, 58, 53, 44]
15 : 102 => 8 | [63038, 3358, 504, 459, 394, 351, 187, 144]
34 : 63 => 15 | [39710, 176, 174, 140, 139, 123, 98, 97, 90, 63, 62, 60, 50, 50, 47]
4 : 73 => 13 | [45991, 1818, 432, 273, 168, 117, 88, 83, 67, 64, 61, 59, 46]
13 : 141 => 25 | [14415, 473, 279, 196, 153, 125, 120, 74, 55, 55, 54, 45, 43, 38, 38, 38, 27, 26, 23, 22, 22, 21, 19, 17, 15]
9 : 88 => 17 | [45496, 314, 204, 202, 194, 179, 151, 123, 118, 115, 83, 81, 81, 59, 54, 48, 46]
12 : 79 => 22 | [26738, 984, 287, 213, 205, 175, 166, 117, 110, 108, 101, 97, 78, 69, 68, 55, 55, 35, 31, 31, 30, 28]
1 : 93 => 31 | [34271, 881, 639, 413, 340, 204, 179, 174, 156, 153, 119, 97, 87, 69, 64, 56, 53, 51, 49, 47, 46, 45, 44, 43, 42, 42, 41, 41, 39, 39, 35]
2 : 74 => 20 | [44481, 135, 103, 101, 99, 98, 89, 81, 77, 73, 69, 61, 61, 61, 59, 58, 54, 51, 50, 46]
38 : 82 => 18 | [63452, 193, 181, 138, 126, 120, 112, 103, 102, 91, 87, 86, 81, 80, 73, 72, 67, 65]
11 : 59 => 9 | [54175, 263, 138, 128, 112, 105, 96, 77, 72]
10 : 45 => 14 | [65498, 228, 169, 165, 163, 138, 134, 131, 103, 97, 97, 91, 83, 77]
14 : 96 => 16 | [52624, 286, 245, 138, 126, 125, 107, 94, 89, 87, 86, 79, 68, 67, 65, 60]
23 : 72 => 15 | [50212, 286, 203, 193, 148, 146, 142, 131, 114, 99, 86, 81, 74, 70, 55]
16 : 71 => 13 | [60776, 1000, 504, 347, 190, 141, 109, 99, 97, 84, 77, 76, 63]
22 : 53 => 13 | [44628, 650, 229, 219, 161, 148, 93, 88, 65, 51, 50, 47, 47]
28 : 53 => 16 | [27461, 783, 691, 432, 253, 170, 144, 126, 100, 86, 85, 76, 66, 65, 51, 28]
40 : 47 => 17 | [51000, 374, 220, 213, 162, 128, 125, 117, 105, 104, 93, 90, 85, 82, 72, 71, 54]
32 : 41 => 12 | [35214, 642, 202, 188, 172, 137, 136, 132, 123, 82, 79, 37]
3 : 86 => 18 | [56305, 1918, 660, 512, 478, 268, 252, 239, 152, 137, 134, 113, 110, 105, 101, 78, 70, 69]
39 : 41 => 15 | [43596, 629, 199, 198, 190, 186, 175, 152, 133, 94, 90, 88, 66, 60, 45]
21 : 83 => 13 | [56131, 295, 252, 187, 142, 131, 124, 112, 98, 95, 91, 90, 80]
25 : 57 => 22 | [30767, 568, 321, 188, 177, 155, 131, 131, 124, 111, 106, 97, 95, 91, 71, 69, 67, 66, 63, 57, 53, 39]
7 : 115 => 16 | [67692, 583, 267, 150, 125, 115, 113, 93, 91, 90, 87, 83, 75, 75, 69, 69]
30 : 37 => 11 | [71648, 672, 455, 265, 253, 193, 155, 118, 111, 108, 78]
8 : 79 => 24 | [44723, 1342, 1314, 649, 533, 402, 319, 252, 240, 186, 167, 153, 136, 129, 128, 99, 95, 86, 80, 57, 56, 56, 54, 45]
17 : 78 => 10 | [62685, 202, 172, 147, 117, 110, 102, 102, 90, 86]
31 : 50 => 7 | [53372, 199, 114, 92, 79, 63, 58]
36 : 70 => 20 | [59953, 351, 209, 207, 194, 165, 154, 135, 130, 129, 128, 121, 102, 97, 88, 78, 78, 71, 69, 67]
20 : 85 => 15 | [85281, 1228, 262, 261, 245, 155, 147, 141, 130, 112, 99, 89, 88, 86, 86]
37 : 63 => 20 | [34760, 651, 318, 305, 237, 153, 130, 122, 116, 90, 89, 87, 86, 60, 57, 55, 54, 44, 41, 35]
29 : 77 => 17 | [45058, 676, 327, 275, 170, 163, 118, 116, 89, 89, 82, 81, 75, 70, 55, 54, 53]
6 : 171 => 42 | [26822, 302, 240, 168, 153, 151, 149, 149, 122, 117, 112, 104, 103, 101, 91, 87, 80, 79, 72, 71, 71, 66, 60, 60, 58, 57, 54, 54, 53, 49, 46, 43, 38, 38, 37, 36, 34, 34, 33, 33, 29, 28]
24 : 41 => 12 | [35214, 642, 202, 188, 172, 137, 136, 132, 123, 82, 79, 37]
35 : 62 => 26 | [21541, 850, 771, 285, 232, 212, 208, 191, 179, 151, 144, 136, 108, 106, 99, 85, 70, 62, 44, 35, 33, 29, 28, 28, 28, 25]
26 : 55 => 22 | [24634, 11249, 415, 391, 389, 215, 209, 201, 195, 182, 125, 92, 86, 83, 61, 61, 59, 49, 46, 45, 32, 30]
19 : 120 => 18 | [45793, 1726, 605, 261, 197, 118, 115, 106, 106, 74, 63, 62, 59, 56, 55, 54, 51, 49]
27 : 65 => 16 | [44346, 181, 177, 158, 136, 124, 94, 91, 76, 71, 66, 65, 63, 60, 60, 46]
/_predsToRemove/DRHAGIS/1_c0001/ ==> /data/DRHAGIS/targetVessels/1024x1024/all/
colorMode : Grayscale
daMode : ['noDA']
imageToTensor length: 40
('imgName', 'TP', 'FP', 'TN', 'FN', 'DICE')
('1.png', 28057, 5207, 1004810, 10502, 0.7812817621096306)
('10.png', 59339, 5173, 976229, 7835, 0.9012195677596707)
('11.png', 47129, 3968, 989442, 8037, 0.8870255874575346)
('12.png', 24287, 2195, 1016600, 5494, 0.8633382507153903)
('13.png', 12200, 1715, 1030468, 4193, 0.805067968853108)
('14.png', 43745, 4094, 990136, 10601, 0.8561922004208053)
('15.png', 55979, 5400, 974741, 12456, 0.8624493506093334)
('16.png', 49618, 4316, 980697, 13945, 0.8445832659557265)
('17.png', 49810, 6327, 978436, 14003, 0.8305127136306795)
('18.png', 57602, 5626, 971573, 13775, 0.855867166895732)
('19.png', 36210, 4501, 994525, 13340, 0.8023398810117326)
('2.png', 32971, 10142, 992527, 12936, 0.74075488654235)
('20.png', 72376, 7278, 952888, 16034, 0.8612909367859863)
('21.png', 46959, 7186, 983562, 10869, 0.8387557714806247)
('22.png', 37844, 5883, 996217, 8632, 0.8390851745507356)
('23.png', 42087, 9426, 987110, 9953, 0.812859115621952)
('24.png', 30009, 4237, 1007195, 7135, 0.8407059812298642)
('25.png', 24561, 6543, 1008486, 8986, 0.7598026325965569)
('26.png', 29877, 7165, 1002562, 8972, 0.7873660908408112)
('27.png', 35702, 7703, 995059, 10112, 0.8003228011970545)
('28.png', 23643, 5328, 1012631, 6974, 0.7935490367188024)
('29.png', 38192, 6309, 994716, 9359, 0.8297918567766045)
('3.png', 48987, 9585, 977290, 12714, 0.8145967922975231)
('30.png', 61969, 10065, 964455, 12087, 0.8483674447258539)
('31.png', 45751, 9881, 984718, 8226, 0.834803711374066)
('32.png', 30009, 4237, 1007195, 7135, 0.8407059812298642)
('33.png', 30790, 7433, 1003295, 7058, 0.809506908020139)
('34.png', 33934, 8254, 999243, 7145, 0.815064791574093)
('35.png', 21010, 5828, 1017068, 4670, 0.8001066301077726)
('36.png', 52986, 13385, 972665, 9540, 0.8221448133005423)
('37.png', 29177, 6871, 1004215, 8313, 0.7935217166634937)
('38.png', 51445, 12164, 971183, 13784, 0.7985997919868362)
('39.png', 35488, 6229, 996446, 10413, 0.8100618594352759)
('4.png', 38710, 7953, 991356, 10557, 0.8070468049619515)
('40.png', 43374, 8983, 986498, 9721, 0.822630201418655)
('5.png', 32580, 7442, 997195, 11359, 0.7760746060671025)
('6.png', 20714, 8079, 1010213, 9570, 0.701254295241803)
('7.png', 52446, 10406, 968393, 17331, 0.7908677589365825)
('8.png', 36719, 7278, 989997, 14582, 0.7706142836156058)
('9.png', 37108, 7731, 993297, 10440, 0.8033164839208979)
('meanDice', 0.816)
/_predsToRemove/DRHAGIS/2/ ==> /_predsToRemove/DRHAGIS/2_c0001/
5 : 82 => 16 | [44025, 901, 225, 207, 193, 142, 121, 101, 97, 89, 85, 85, 80, 75, 69, 63]
18 : 92 => 23 | [36013, 33237, 1115, 499, 317, 164, 130, 114, 112, 100, 94, 93, 92, 77, 73, 72, 66, 61, 57, 49, 46, 45, 44]
33 : 32 => 10 | [39044, 542, 315, 236, 150, 99, 93, 86, 63, 63]
15 : 103 => 18 | [62339, 3313, 658, 435, 361, 285, 263, 255, 218, 214, 135, 104, 102, 77, 72, 71, 67, 67]
34 : 69 => 15 | [39884, 261, 139, 136, 135, 120, 111, 108, 81, 81, 77, 73, 63, 50, 41]
4 : 62 => 6 | [49239, 179, 126, 73, 65, 51]
13 : 123 => 47 | [9231, 5487, 528, 326, 257, 228, 178, 169, 165, 128, 127, 98, 74, 59, 52, 47, 45, 43, 42, 36, 32, 29, 27, 25, 24, 23, 23, 23, 20, 19, 19, 17, 16, 16, 16, 15, 15, 14, 13, 13, 12, 12, 11, 11, 10, 10, 10]
9 : 72 => 25 | [25253, 21270, 323, 253, 196, 174, 173, 153, 149, 131, 125, 119, 95, 75, 69, 64, 53, 50, 45, 39, 35, 35, 29, 28, 27]
12 : 97 => 23 | [28374, 1081, 445, 338, 226, 183, 139, 132, 110, 99, 98, 67, 62, 62, 39, 37, 35, 34, 33, 32, 32, 29, 29]
1 : 95 => 22 | [37508, 419, 259, 228, 213, 180, 177, 134, 118, 104, 102, 85, 81, 60, 57, 45, 43, 43, 42, 41, 40, 39]
2 : 68 => 17 | [45795, 398, 202, 198, 167, 136, 120, 116, 94, 89, 71, 60, 57, 53, 53, 51, 50]
38 : 107 => 18 | [62883, 283, 260, 178, 164, 164, 164, 140, 131, 111, 110, 108, 91, 87, 86, 84, 82, 77]
11 : 49 => 6 | [56134, 273, 193, 139, 119, 82]
10 : 52 => 11 | [66084, 445, 225, 192, 192, 146, 135, 129, 126, 125, 80]
14 : 88 => 18 | [53327, 398, 348, 244, 182, 140, 139, 137, 125, 123, 117, 89, 88, 84, 69, 63, 60, 54]
23 : 69 => 16 | [52836, 282, 228, 149, 129, 124, 122, 117, 115, 112, 111, 84, 73, 72, 70, 67]
16 : 78 => 12 | [60595, 1163, 578, 351, 293, 214, 181, 154, 96, 96, 92, 89]
22 : 44 => 9 | [46629, 707, 365, 152, 126, 121, 76, 63, 61]
28 : 42 => 14 | [29672, 819, 445, 236, 234, 130, 119, 99, 96, 80, 78, 64, 55, 36]
40 : 60 => 15 | [53722, 309, 201, 117, 111, 110, 102, 93, 89, 86, 80, 72, 71, 71, 69]
32 : 47 => 15 | [36563, 578, 252, 246, 139, 108, 80, 72, 65, 64, 60, 45, 39, 39, 37]
3 : 86 => 22 | [56423, 1841, 740, 488, 478, 428, 287, 243, 189, 181, 171, 98, 94, 84, 79, 79, 78, 72, 66, 64, 63, 59]
39 : 75 => 11 | [45484, 186, 186, 185, 177, 169, 168, 110, 81, 51, 49]
21 : 84 => 10 | [56962, 1060, 296, 288, 175, 114, 100, 93, 88, 73]
25 : 74 => 23 | [30581, 547, 544, 328, 240, 238, 183, 173, 122, 117, 108, 95, 82, 77, 76, 75, 67, 66, 56, 47, 46, 37, 31]
7 : 94 => 13 | [67099, 754, 751, 562, 179, 170, 168, 157, 144, 141, 89, 84, 74]
30 : 45 => 11 | [73631, 647, 442, 289, 279, 245, 189, 178, 173, 121, 86]
8 : 76 => 23 | [46615, 1648, 653, 614, 525, 446, 379, 341, 261, 159, 153, 130, 126, 99, 91, 84, 77, 75, 71, 67, 63, 55, 49]
17 : 59 => 6 | [64948, 118, 101, 93, 86, 86]
31 : 58 => 9 | [54076, 245, 223, 162, 109, 76, 62, 60, 56]
36 : 69 => 24 | [59183, 819, 401, 288, 218, 196, 186, 149, 144, 141, 136, 129, 128, 125, 121, 116, 94, 78, 73, 72, 71, 70, 66, 65]
20 : 77 => 11 | [87294, 1187, 566, 462, 354, 245, 245, 236, 178, 121, 115]
37 : 57 => 18 | [36226, 524, 264, 257, 207, 176, 157, 123, 115, 101, 95, 91, 66, 64, 62, 56, 44, 42]
29 : 67 => 15 | [45347, 763, 416, 267, 184, 169, 168, 165, 100, 100, 85, 84, 58, 54, 48]
6 : 159 => 30 | [28382, 327, 156, 138, 133, 129, 126, 121, 108, 98, 94, 86, 79, 78, 75, 67, 54, 53, 49, 49, 45, 43, 43, 42, 40, 38, 37, 34, 32, 29]
24 : 47 => 15 | [36563, 578, 252, 246, 139, 108, 80, 72, 65, 64, 60, 45, 39, 39, 37]
35 : 74 => 25 | [22954, 944, 822, 375, 230, 199, 197, 182, 175, 163, 141, 135, 130, 128, 104, 83, 67, 61, 51, 45, 38, 32, 31, 30, 28]
26 : 71 => 25 | [25302, 11673, 701, 364, 251, 202, 172, 148, 122, 106, 103, 103, 90, 81, 75, 73, 53, 47, 47, 45, 43, 42, 39, 36, 28]
19 : 105 => 25 | [43103, 1593, 1280, 1223, 508, 275, 212, 138, 115, 114, 102, 93, 77, 73, 73, 65, 65, 62, 57, 56, 53, 52, 52, 49, 44]
27 : 95 => 16 | [43322, 615, 232, 208, 156, 151, 121, 110, 110, 96, 89, 79, 68, 62, 50, 46]
/_predsToRemove/DRHAGIS/2_c0001/ ==> /data/DRHAGIS/targetVessels/1024x1024/all/
colorMode : Grayscale
daMode : ['noDA']
imageToTensor length: 40
('imgName', 'TP', 'FP', 'TN', 'FN', 'DICE')
('1.png', 28546, 4718, 1003840, 11472, 0.7790726235637674)
('10.png', 59076, 5436, 975261, 8803, 0.892447371800198)
('11.png', 47566, 3531, 988105, 9374, 0.880550181882133)
('12.png', 24252, 2230, 1014630, 7464, 0.8334307020859824)
('13.png', 12408, 1507, 1029274, 5387, 0.7825922421948912)
('14.png', 44172, 3667, 989122, 11615, 0.8525273579989577)
('15.png', 55192, 6187, 973353, 13844, 0.8464057048652379)
('16.png', 49159, 4775, 979899, 14743, 0.8343630130011201)
('17.png', 50166, 5971, 977173, 15266, 0.8253090837302273)
('18.png', 57403, 5825, 970081, 15267, 0.8447953612268024)
('19.png', 35631, 5080, 993962, 13903, 0.7896503961438307)
('2.png', 33749, 9364, 991502, 13961, 0.7431817931581207)
('20.png', 72871, 6783, 950790, 18132, 0.8540054026497594)
('21.png', 47168, 6977, 982350, 12081, 0.8319311427412385)
('22.png', 38157, 5570, 994706, 10143, 0.8292566312060591)
('23.png', 42741, 8772, 985113, 11950, 0.8048849384203984)
('24.png', 30167, 4079, 1006110, 8220, 0.830669255021822)
('25.png', 24346, 6758, 1007882, 9590, 0.7486469864698647)
('26.png', 30032, 7010, 1001620, 9914, 0.7801735335376941)
('27.png', 35080, 8325, 994736, 10435, 0.7890238416554206)
('28.png', 23934, 5037, 1011376, 8229, 0.7830012758857592)
('29.png', 38117, 6384, 994184, 9891, 0.8240711714535883)
('3.png', 49697, 8875, 977396, 12608, 0.8222738817144701)
('30.png', 62765, 9269, 963027, 13515, 0.8463799776150599)
('31.png', 46308, 9324, 984183, 8761, 0.8366320087442751)
('32.png', 30167, 4079, 1006110, 8220, 0.830669255021822)
('33.png', 31513, 6710, 1001175, 9178, 0.7986669032110906)
('34.png', 33630, 8558, 998658, 7730, 0.8050462009862593)
('35.png', 21107, 5731, 1015500, 6238, 0.77910045586254)
('36.png', 52733, 13638, 971869, 10336, 0.8147867737948083)
('37.png', 29340, 6708, 1003198, 9330, 0.7853529270055408)
('38.png', 50672, 12937, 970436, 14531, 0.7867589976089184)
('39.png', 35156, 6561, 995169, 11690, 0.7939207118096722)
('4.png', 39102, 7561, 991282, 10631, 0.811278476285323)
('40.png', 43592, 8765, 984508, 11711, 0.8098086568827791)
('5.png', 33600, 6422, 995596, 12958, 0.7761607761607762)
('6.png', 20990, 7803, 1009988, 9795, 0.7046225116653798)
('7.png', 53023, 9829, 968375, 17349, 0.7959977181288657)
('8.png', 37541, 6456, 989339, 15240, 0.7758168178718303)
('9.png', 37691, 7148, 992465, 11272, 0.8036289204921003)
('meanDice', 0.809)
