/_predsToRemove/DRHAGIS/0/ ==> /_predsToRemove/DRHAGIS/0_c00005/
5 : 64 => 22 | [40429, 840, 621, 509, 375, 235, 125, 83, 77, 77, 76, 60, 57, 46, 41, 39, 35, 29, 27, 25, 25, 21]
18 : 93 => 20 | [70439, 353, 266, 257, 158, 146, 130, 125, 121, 101, 85, 69, 59, 55, 43, 42, 42, 40, 39, 36]
33 : 34 => 13 | [37325, 518, 242, 138, 135, 130, 95, 92, 73, 50, 27, 20, 19]
15 : 95 => 20 | [61748, 3147, 501, 467, 302, 273, 252, 102, 86, 81, 78, 78, 56, 50, 43, 38, 38, 35, 32, 31]
34 : 63 => 17 | [38255, 239, 226, 172, 134, 89, 86, 85, 64, 44, 39, 37, 35, 33, 32, 32, 23]
4 : 57 => 14 | [47867, 177, 164, 163, 120, 111, 87, 73, 53, 52, 49, 44, 37, 28]
13 : 128 => 64 | [14171, 462, 321, 222, 185, 164, 148, 112, 106, 87, 87, 82, 76, 74, 67, 61, 60, 55, 54, 53, 53, 49, 49, 43, 39, 30, 29, 29, 29, 27, 27, 25, 24, 24, 24, 23, 23, 23, 21, 21, 21, 20, 19, 18, 18, 18, 17, 14, 14, 14, 14, 14, 14, 13, 12, 11, 11, 11, 10, 10, 9, 9, 8, 8]
9 : 69 => 39 | [23501, 19859, 395, 280, 227, 199, 186, 179, 171, 171, 143, 103, 96, 91, 82, 80, 73, 67, 50, 48, 47, 47, 45, 45, 43, 38, 37, 36, 32, 24, 18, 17, 15, 14, 14, 14, 14, 13, 12]
12 : 63 => 30 | [25879, 965, 897, 307, 302, 299, 217, 186, 163, 149, 136, 135, 131, 88, 84, 83, 83, 72, 71, 47, 32, 28, 27, 25, 23, 20, 20, 20, 18, 13]
1 : 77 => 33 | [35395, 395, 374, 324, 298, 169, 162, 144, 109, 101, 100, 81, 74, 72, 69, 64, 62, 55, 48, 44, 43, 42, 37, 36, 33, 26, 26, 25, 24, 24, 24, 21, 20]
2 : 63 => 25 | [42546, 389, 198, 169, 132, 111, 93, 92, 70, 64, 61, 59, 57, 54, 51, 46, 45, 43, 35, 34, 33, 32, 26, 26, 22]
38 : 111 => 30 | [62196, 490, 244, 213, 166, 138, 118, 116, 111, 99, 95, 90, 88, 85, 76, 74, 71, 68, 68, 63, 62, 59, 56, 53, 49, 41, 38, 36, 34, 34]
11 : 37 => 13 | [53466, 253, 110, 103, 102, 79, 65, 52, 45, 38, 32, 31, 27]
10 : 48 => 19 | [65522, 237, 201, 194, 171, 149, 126, 122, 100, 92, 92, 88, 82, 81, 80, 48, 38, 38, 36]
14 : 72 => 22 | [51021, 376, 314, 216, 169, 152, 139, 125, 113, 99, 77, 69, 65, 64, 56, 55, 51, 47, 44, 36, 34, 32]
23 : 72 => 27 | [48386, 286, 222, 221, 209, 175, 164, 105, 101, 74, 68, 68, 65, 57, 55, 47, 41, 41, 37, 35, 34, 34, 33, 32, 31, 30, 27]
16 : 86 => 25 | [59418, 1226, 597, 481, 396, 282, 206, 170, 150, 118, 113, 92, 79, 76, 76, 76, 75, 59, 59, 57, 55, 41, 37, 36, 36]
22 : 69 => 23 | [43703, 581, 439, 153, 119, 114, 109, 86, 64, 64, 61, 57, 54, 47, 46, 45, 40, 32, 31, 25, 25, 24, 22]
28 : 39 => 19 | [27032, 612, 518, 489, 393, 282, 210, 166, 78, 77, 74, 69, 49, 33, 33, 33, 31, 28, 20]
40 : 58 => 16 | [52850, 250, 173, 112, 110, 107, 103, 97, 82, 72, 69, 58, 50, 36, 32, 27]
32 : 44 => 18 | [34362, 266, 143, 100, 92, 88, 71, 67, 61, 57, 56, 51, 42, 41, 39, 37, 37, 18]
3 : 77 => 34 | [54414, 1844, 765, 505, 453, 342, 285, 229, 222, 212, 199, 183, 162, 118, 111, 110, 92, 87, 81, 80, 78, 72, 68, 59, 54, 53, 53, 50, 50, 48, 47, 43, 31, 31]
39 : 48 => 23 | [42663, 306, 260, 243, 153, 143, 119, 107, 87, 78, 67, 63, 57, 49, 49, 46, 31, 29, 26, 26, 26, 25, 22]
21 : 69 => 22 | [55150, 431, 248, 240, 166, 124, 94, 85, 84, 79, 62, 48, 44, 44, 39, 36, 33, 30, 30, 28, 28, 28]
25 : 66 => 34 | [29258, 532, 382, 278, 221, 175, 167, 161, 156, 134, 122, 114, 100, 97, 81, 80, 79, 76, 72, 66, 57, 45, 42, 38, 25, 24, 21, 20, 19, 19, 18, 17, 17, 15]
7 : 90 => 21 | [65942, 533, 360, 266, 244, 220, 183, 155, 125, 108, 82, 74, 60, 54, 54, 53, 51, 45, 35, 34, 34]
30 : 47 => 17 | [72566, 621, 429, 277, 260, 183, 178, 176, 135, 127, 118, 74, 69, 50, 50, 42, 41]
8 : 60 => 24 | [47272, 761, 727, 493, 380, 350, 263, 185, 106, 104, 101, 90, 78, 51, 49, 43, 41, 41, 38, 36, 36, 34, 29, 29]
17 : 79 => 20 | [59284, 1779, 334, 123, 120, 118, 95, 92, 90, 77, 76, 76, 76, 75, 71, 57, 50, 47, 40, 31]
31 : 40 => 13 | [51205, 227, 193, 109, 83, 78, 66, 65, 51, 46, 42, 37, 34]
36 : 76 => 29 | [59092, 787, 325, 285, 240, 237, 136, 133, 122, 119, 101, 101, 80, 72, 71, 70, 68, 63, 56, 51, 45, 43, 40, 37, 36, 36, 35, 33, 31]
20 : 87 => 16 | [88450, 1191, 494, 273, 171, 82, 81, 73, 72, 72, 66, 65, 63, 60, 57, 52]
37 : 53 => 27 | [33975, 478, 239, 143, 137, 110, 110, 103, 91, 90, 85, 82, 82, 65, 59, 57, 56, 49, 46, 43, 36, 34, 31, 30, 22, 21, 20]
29 : 69 => 22 | [43614, 710, 334, 260, 164, 159, 118, 105, 86, 82, 74, 69, 68, 63, 61, 56, 50, 49, 46, 44, 28, 25]
6 : 110 => 49 | [25772, 304, 273, 143, 132, 110, 106, 102, 101, 100, 94, 80, 74, 70, 66, 53, 49, 47, 45, 42, 42, 41, 39, 32, 31, 30, 29, 28, 28, 27, 26, 26, 24, 24, 22, 21, 21, 21, 19, 18, 18, 17, 16, 16, 15, 15, 14, 13, 13]
24 : 44 => 18 | [34362, 266, 143, 100, 92, 88, 71, 67, 61, 57, 56, 51, 42, 41, 39, 37, 37, 18]
35 : 57 => 30 | [22163, 847, 182, 175, 142, 127, 126, 120, 120, 117, 117, 115, 115, 102, 71, 70, 67, 65, 65, 61, 38, 32, 27, 21, 19, 15, 14, 13, 13, 12]
26 : 63 => 28 | [24184, 10608, 315, 292, 221, 213, 158, 151, 138, 124, 113, 99, 79, 71, 63, 58, 54, 54, 44, 37, 34, 30, 26, 24, 15, 14, 14, 13]
19 : 152 => 41 | [44247, 2016, 1651, 1320, 225, 222, 187, 160, 139, 124, 120, 99, 75, 62, 62, 60, 52, 47, 47, 47, 45, 44, 44, 44, 43, 43, 42, 39, 39, 39, 38, 35, 35, 33, 32, 31, 29, 28, 27, 26, 26]
27 : 66 => 30 | [41017, 542, 503, 486, 277, 155, 137, 82, 80, 79, 77, 74, 62, 60, 59, 58, 57, 51, 48, 48, 42, 40, 38, 37, 36, 29, 27, 25, 23, 21]
/_predsToRemove/DRHAGIS/0_c00005/ ==> /data/DRHAGIS/targetVessels/1024x1024/all/
colorMode : Grayscale
daMode : ['noDA']
imageToTensor length: 40
('imgName', 'TP', 'FP', 'TN', 'FN', 'DICE')
('1.png', 27968, 5296, 1004759, 10553, 0.77921571358919)
('10.png', 58520, 5992, 975087, 8977, 0.886606216242832)
('11.png', 46377, 4720, 989453, 8026, 0.8791848341232228)
('12.png', 23841, 2641, 1015415, 6679, 0.8364969650187712)
('13.png', 12079, 1836, 1029154, 5507, 0.7668962890066982)
('14.png', 43294, 4545, 990677, 10060, 0.8556718350083504)
('15.png', 54782, 6597, 974541, 12656, 0.8505399132102129)
('16.png', 48585, 5349, 979216, 15426, 0.823858578150833)
('17.png', 49053, 7084, 978781, 13658, 0.8254745557350566)
('18.png', 56961, 6267, 969703, 15645, 0.8386854543045188)
('19.png', 35319, 5392, 991460, 16405, 0.7641910531724996)
('2.png', 32735, 10378, 993710, 11753, 0.7473658976495702)
('20.png', 72280, 7374, 949880, 19042, 0.8454987834549879)
('21.png', 46156, 7989, 983436, 10995, 0.8294278320874066)
('22.png', 36761, 6966, 995669, 9180, 0.8199357630369809)
('23.png', 40424, 11089, 986809, 10254, 0.7911459913299606)
('24.png', 28708, 5538, 1007410, 6920, 0.8217076451899132)
('25.png', 23664, 7440, 1008408, 9064, 0.741446296528387)
('26.png', 28613, 8429, 1002901, 8633, 0.7703262976523799)
('27.png', 34593, 8812, 995494, 9677, 0.7891189050470487)
('28.png', 22724, 6247, 1012102, 7503, 0.7677286394810635)
('29.png', 37391, 7110, 995201, 8874, 0.823898816737545)
('3.png', 49334, 9238, 978107, 11897, 0.8235853860086976)
('30.png', 62113, 9921, 963259, 13283, 0.8426100522281761)
('31.png', 44700, 10932, 985408, 7536, 0.8287907442429636)
('32.png', 28708, 5538, 1007410, 6920, 0.8217076451899132)
('33.png', 30837, 7386, 1002326, 8027, 0.800057078366002)
('34.png', 32663, 9525, 999426, 6962, 0.7984794592546417)
('35.png', 20023, 6815, 1016590, 5148, 0.7699821184794939)
('36.png', 52457, 13914, 972117, 10088, 0.8138167488907506)
('37.png', 28226, 7822, 1004460, 8068, 0.7803488982886843)
('38.png', 49924, 13685, 969760, 15207, 0.775578685723163)
('39.png', 34374, 7343, 996558, 10301, 0.7957681266783961)
('4.png', 39181, 7482, 992069, 9844, 0.8189323635147563)
('40.png', 43147, 9210, 985138, 11081, 0.8096261199981236)
('5.png', 32737, 7285, 997439, 11115, 0.7806233159262703)
('6.png', 20238, 8555, 1011572, 8211, 0.707103175989658)
('7.png', 52477, 10375, 969489, 16235, 0.797741023380256)
('8.png', 37018, 6979, 990260, 14319, 0.7765959678603647)
('9.png', 36769, 8070, 993980, 9757, 0.8048815191813058)
('meanDice', 0.805)
/_predsToRemove/DRHAGIS/1/ ==> /_predsToRemove/DRHAGIS/1_c00005/
5 : 84 => 27 | [42294, 497, 195, 94, 85, 82, 75, 66, 64, 62, 59, 58, 57, 56, 52, 50, 50, 43, 42, 39, 36, 33, 31, 31, 25, 23, 22]
18 : 97 => 22 | [67485, 2605, 669, 136, 104, 102, 98, 96, 82, 60, 60, 57, 54, 51, 49, 47, 47, 45, 39, 39, 38, 38]
33 : 41 => 16 | [36129, 607, 423, 176, 85, 75, 69, 67, 62, 58, 53, 44, 35, 34, 29, 24]
15 : 102 => 12 | [63038, 3358, 504, 459, 394, 351, 187, 144, 57, 56, 42, 37]
34 : 63 => 21 | [39710, 176, 174, 140, 139, 123, 98, 97, 90, 63, 62, 60, 50, 50, 47, 34, 31, 30, 26, 23, 20]
4 : 73 => 16 | [45991, 1818, 432, 273, 168, 117, 88, 83, 67, 64, 61, 59, 46, 42, 40, 23]
13 : 141 => 39 | [14415, 473, 279, 196, 153, 125, 120, 74, 55, 55, 54, 45, 43, 38, 38, 38, 27, 26, 23, 22, 22, 21, 19, 17, 15, 14, 14, 13, 13, 11, 11, 10, 10, 10, 9, 9, 9, 8, 8]
9 : 88 => 23 | [45496, 314, 204, 202, 194, 179, 151, 123, 118, 115, 83, 81, 81, 59, 54, 48, 46, 45, 44, 35, 28, 23, 23]
12 : 79 => 32 | [26738, 984, 287, 213, 205, 175, 166, 117, 110, 108, 101, 97, 78, 69, 68, 55, 55, 35, 31, 31, 30, 28, 26, 24, 21, 19, 19, 16, 16, 15, 15, 14]
1 : 93 => 38 | [34271, 881, 639, 413, 340, 204, 179, 174, 156, 153, 119, 97, 87, 69, 64, 56, 53, 51, 49, 47, 46, 45, 44, 43, 42, 42, 41, 41, 39, 39, 35, 34, 27, 26, 26, 24, 19, 19]
2 : 74 => 27 | [44481, 135, 103, 101, 99, 98, 89, 81, 77, 73, 69, 61, 61, 61, 59, 58, 54, 51, 50, 46, 44, 43, 39, 38, 33, 29, 25]
38 : 82 => 28 | [63452, 193, 181, 138, 126, 120, 112, 103, 102, 91, 87, 86, 81, 80, 73, 72, 67, 65, 56, 51, 47, 45, 44, 38, 36, 35, 34, 33]
11 : 59 => 12 | [54175, 263, 138, 128, 112, 105, 96, 77, 72, 48, 41, 34]
10 : 45 => 21 | [65498, 228, 169, 165, 163, 138, 134, 131, 103, 97, 97, 91, 83, 77, 65, 45, 45, 44, 43, 41, 36]
14 : 96 => 27 | [52624, 286, 245, 138, 126, 125, 107, 94, 89, 87, 86, 79, 68, 67, 65, 60, 51, 44, 43, 43, 39, 38, 38, 37, 35, 33, 30]
23 : 72 => 27 | [50212, 286, 203, 193, 148, 146, 142, 131, 114, 99, 86, 81, 74, 70, 55, 49, 47, 44, 44, 41, 38, 37, 36, 31, 27, 27, 26]
16 : 71 => 14 | [60776, 1000, 504, 347, 190, 141, 109, 99, 97, 84, 77, 76, 63, 49]
22 : 53 => 18 | [44628, 650, 229, 219, 161, 148, 93, 88, 65, 51, 50, 47, 47, 44, 38, 33, 33, 30]
28 : 53 => 19 | [27461, 783, 691, 432, 253, 170, 144, 126, 100, 86, 85, 76, 66, 65, 51, 28, 17, 16, 14]
40 : 47 => 18 | [51000, 374, 220, 213, 162, 128, 125, 117, 105, 104, 93, 90, 85, 82, 72, 71, 54, 39]
32 : 41 => 15 | [35214, 642, 202, 188, 172, 137, 136, 132, 123, 82, 79, 37, 27, 21, 20]
3 : 86 => 26 | [56305, 1918, 660, 512, 478, 268, 252, 239, 152, 137, 134, 113, 110, 105, 101, 78, 70, 69, 55, 47, 41, 40, 37, 37, 31, 29]
39 : 41 => 21 | [43596, 629, 199, 198, 190, 186, 175, 152, 133, 94, 90, 88, 66, 60, 45, 40, 33, 28, 26, 25, 24]
21 : 83 => 16 | [56131, 295, 252, 187, 142, 131, 124, 112, 98, 95, 91, 90, 80, 46, 37, 30]
25 : 57 => 26 | [30767, 568, 321, 188, 177, 155, 131, 131, 124, 111, 106, 97, 95, 91, 71, 69, 67, 66, 63, 57, 53, 39, 30, 27, 21, 20]
7 : 115 => 27 | [67692, 583, 267, 150, 125, 115, 113, 93, 91, 90, 87, 83, 75, 75, 69, 69, 67, 60, 58, 55, 52, 52, 52, 43, 40, 39, 36]
30 : 37 => 16 | [71648, 672, 455, 265, 253, 193, 155, 118, 111, 108, 78, 62, 62, 54, 38, 38]
8 : 79 => 32 | [44723, 1342, 1314, 649, 533, 402, 319, 252, 240, 186, 167, 153, 136, 129, 128, 99, 95, 86, 80, 57, 56, 56, 54, 45, 41, 40, 37, 36, 33, 27, 26, 23]
17 : 78 => 19 | [62685, 202, 172, 147, 117, 110, 102, 102, 90, 86, 62, 43, 41, 41, 40, 39, 39, 37, 32]
31 : 50 => 15 | [53372, 199, 114, 92, 79, 63, 58, 47, 44, 39, 35, 30, 29, 27, 27]
36 : 70 => 28 | [59953, 351, 209, 207, 194, 165, 154, 135, 130, 129, 128, 121, 102, 97, 88, 78, 78, 71, 69, 67, 57, 56, 54, 40, 36, 35, 33, 30]
20 : 85 => 23 | [85281, 1228, 262, 261, 245, 155, 147, 141, 130, 112, 99, 89, 88, 86, 86, 85, 81, 65, 62, 61, 60, 52, 45]
37 : 63 => 25 | [34760, 651, 318, 305, 237, 153, 130, 122, 116, 90, 89, 87, 86, 60, 57, 55, 54, 44, 41, 35, 30, 24, 23, 21, 18]
29 : 77 => 27 | [45058, 676, 327, 275, 170, 163, 118, 116, 89, 89, 82, 81, 75, 70, 55, 54, 53, 45, 40, 40, 37, 32, 30, 30, 29, 27, 23]
6 : 171 => 64 | [26822, 302, 240, 168, 153, 151, 149, 149, 122, 117, 112, 104, 103, 101, 91, 87, 80, 79, 72, 71, 71, 66, 60, 60, 58, 57, 54, 54, 53, 49, 46, 43, 38, 38, 37, 36, 34, 34, 33, 33, 29, 28, 26, 26, 25, 24, 24, 24, 23, 23, 22, 22, 21, 19, 18, 18, 17, 17, 17, 16, 16, 15, 14, 14]
24 : 41 => 15 | [35214, 642, 202, 188, 172, 137, 136, 132, 123, 82, 79, 37, 27, 21, 20]
35 : 62 => 29 | [21541, 850, 771, 285, 232, 212, 208, 191, 179, 151, 144, 136, 108, 106, 99, 85, 70, 62, 44, 35, 33, 29, 28, 28, 28, 25, 19, 19, 11]
26 : 55 => 26 | [24634, 11249, 415, 391, 389, 215, 209, 201, 195, 182, 125, 92, 86, 83, 61, 61, 59, 49, 46, 45, 32, 30, 22, 19, 17, 16]
19 : 120 => 37 | [45793, 1726, 605, 261, 197, 118, 115, 106, 106, 74, 63, 62, 59, 56, 55, 54, 51, 49, 41, 39, 37, 36, 35, 32, 31, 28, 27, 27, 26, 26, 25, 25, 24, 24, 24, 23, 23]
27 : 65 => 24 | [44346, 181, 177, 158, 136, 124, 94, 91, 76, 71, 66, 65, 63, 60, 60, 46, 43, 38, 34, 34, 32, 31, 25, 23]
/_predsToRemove/DRHAGIS/1_c00005/ ==> /data/DRHAGIS/targetVessels/1024x1024/all/
colorMode : Grayscale
daMode : ['noDA']
imageToTensor length: 40
('imgName', 'TP', 'FP', 'TN', 'FN', 'DICE')
('1.png', 28107, 5157, 1004685, 10627, 0.7807716881024472)
('10.png', 59537, 4975, 976108, 7956, 0.9020415893337373)
('11.png', 47210, 3887, 989400, 8079, 0.8875227943526404)
('12.png', 24326, 2156, 1016454, 5640, 0.861890589569161)
('13.png', 12200, 1715, 1030319, 4342, 0.8011294612076042)
('14.png', 43938, 3901, 989898, 10839, 0.8563576830123957)
('15.png', 56022, 5357, 974592, 12605, 0.861837145977878)
('16.png', 49618, 4316, 980648, 13994, 0.8442311945961581)
('17.png', 49925, 6212, 978177, 14262, 0.8298427578870383)
('18.png', 57760, 5468, 971107, 14241, 0.8542546347307161)
('19.png', 36272, 4439, 994034, 13831, 0.7988195652652674)
('2.png', 33072, 10041, 992377, 13086, 0.7409349060725208)
('20.png', 72520, 7134, 952521, 16401, 0.8603885510900193)
('21.png', 47009, 7136, 983499, 10932, 0.8388023481969202)
('22.png', 37904, 5823, 996099, 8750, 0.8387603589249953)
('23.png', 42350, 9163, 986926, 10137, 0.8144230769230769)
('24.png', 30046, 4200, 1007164, 7166, 0.8409415320887794)
('25.png', 24620, 6484, 1008447, 9025, 0.760475065251973)
('26.png', 29912, 7130, 1002523, 9011, 0.7875205686829461)
('27.png', 35867, 7538, 994964, 10207, 0.8016853116373674)
('28.png', 23666, 5305, 1012607, 6998, 0.7936949777815041)
('29.png', 38345, 6156, 994536, 9539, 0.8301131136006927)
('3.png', 49105, 9467, 977091, 12913, 0.8144124720126047)
('30.png', 62146, 9888, 964378, 12164, 0.8493139452249494)
('31.png', 45928, 9704, 984617, 8327, 0.8359132563451546)
('32.png', 30046, 4200, 1007164, 7166, 0.8409415320887794)
('33.png', 30879, 7344, 1003262, 7091, 0.8105469006339165)
('34.png', 34056, 8132, 999201, 7187, 0.8163871942083878)
('35.png', 21028, 5810, 1017037, 4701, 0.8000456560199365)
('36.png', 53248, 13123, 972586, 9619, 0.8240300840310125)
('37.png', 29238, 6810, 1004160, 8368, 0.7939283677736443)
('38.png', 51636, 11973, 970955, 14012, 0.7989664002723257)
('39.png', 35585, 6132, 996367, 10492, 0.8106476524591658)
('4.png', 38710, 7953, 991251, 10662, 0.8061644192221585)
('40.png', 43411, 8946, 986496, 9723, 0.8230275568531913)
('5.png', 32589, 7433, 996922, 11632, 0.7736903956411809)
('6.png', 20759, 8034, 1009817, 9966, 0.697570482879129)
('7.png', 52512, 10340, 967905, 17819, 0.7885691116734118)
('8.png', 36803, 7194, 989818, 14761, 0.7702514624166763)
('9.png', 37225, 7614, 993216, 10521, 0.8041259383269428)
('meanDice', 0.816)
/_predsToRemove/DRHAGIS/2/ ==> /_predsToRemove/DRHAGIS/2_c00005/
5 : 82 => 25 | [44025, 901, 225, 207, 193, 142, 121, 101, 97, 89, 85, 85, 80, 75, 69, 63, 40, 38, 37, 34, 33, 33, 32, 30, 24]
18 : 92 => 30 | [36013, 33237, 1115, 499, 317, 164, 130, 114, 112, 100, 94, 93, 92, 77, 73, 72, 66, 61, 57, 49, 46, 45, 44, 28, 27, 25, 22, 22, 21, 19]
33 : 32 => 14 | [39044, 542, 315, 236, 150, 99, 93, 86, 63, 63, 29, 26, 23, 22]
15 : 103 => 24 | [62339, 3313, 658, 435, 361, 285, 263, 255, 218, 214, 135, 104, 102, 77, 72, 71, 67, 67, 56, 55, 48, 45, 35, 34]
34 : 69 => 24 | [39884, 261, 139, 136, 135, 120, 111, 108, 81, 81, 77, 73, 63, 50, 41, 38, 31, 30, 28, 27, 23, 23, 23, 21]
4 : 62 => 9 | [49239, 179, 126, 73, 65, 51, 43, 26, 26]
13 : 123 => 63 | [9231, 5487, 528, 326, 257, 228, 178, 169, 165, 128, 127, 98, 74, 59, 52, 47, 45, 43, 42, 36, 32, 29, 27, 25, 24, 23, 23, 23, 20, 19, 19, 17, 16, 16, 16, 15, 15, 14, 13, 13, 12, 12, 11, 11, 10, 10, 10, 9, 9, 8, 8, 8, 7, 7, 7, 6, 6, 6, 6, 6, 6, 5, 5]
9 : 72 => 37 | [25253, 21270, 323, 253, 196, 174, 173, 153, 149, 131, 125, 119, 95, 75, 69, 64, 53, 50, 45, 39, 35, 35, 29, 28, 27, 25, 24, 23, 23, 23, 22, 20, 17, 17, 15, 15, 14]
12 : 97 => 30 | [28374, 1081, 445, 338, 226, 183, 139, 132, 110, 99, 98, 67, 62, 62, 39, 37, 35, 34, 33, 32, 32, 29, 29, 27, 27, 19, 17, 17, 16, 16]
1 : 95 => 34 | [37508, 419, 259, 228, 213, 180, 177, 134, 118, 104, 102, 85, 81, 60, 57, 45, 43, 43, 42, 41, 40, 39, 37, 36, 33, 26, 26, 25, 23, 23, 22, 22, 22, 20]
2 : 68 => 25 | [45795, 398, 202, 198, 167, 136, 120, 116, 94, 89, 71, 60, 57, 53, 53, 51, 50, 43, 38, 36, 32, 30, 27, 25, 23]
38 : 107 => 28 | [62883, 283, 260, 178, 164, 164, 164, 140, 131, 111, 110, 108, 91, 87, 86, 84, 82, 77, 55, 51, 50, 47, 43, 41, 37, 36, 34, 32]
11 : 49 => 6 | [56134, 273, 193, 139, 119, 82]
10 : 52 => 21 | [66084, 445, 225, 192, 192, 146, 135, 129, 126, 125, 80, 66, 60, 59, 52, 49, 49, 43, 43, 42, 42]
14 : 88 => 22 | [53327, 398, 348, 244, 182, 140, 139, 137, 125, 123, 117, 89, 88, 84, 69, 63, 60, 54, 50, 47, 34, 27]
23 : 69 => 22 | [52836, 282, 228, 149, 129, 124, 122, 117, 115, 112, 111, 84, 73, 72, 70, 67, 50, 42, 39, 38, 35, 28]
16 : 78 => 18 | [60595, 1163, 578, 351, 293, 214, 181, 154, 96, 96, 92, 89, 57, 55, 49, 42, 33, 33]
22 : 44 => 14 | [46629, 707, 365, 152, 126, 121, 76, 63, 61, 46, 44, 42, 29, 25]
28 : 42 => 17 | [29672, 819, 445, 236, 234, 130, 119, 99, 96, 80, 78, 64, 55, 36, 22, 20, 18]
40 : 60 => 21 | [53722, 309, 201, 117, 111, 110, 102, 93, 89, 86, 80, 72, 71, 71, 69, 47, 43, 37, 36, 30, 27]
32 : 47 => 19 | [36563, 578, 252, 246, 139, 108, 80, 72, 65, 64, 60, 45, 39, 39, 37, 36, 30, 22, 21]
3 : 86 => 31 | [56423, 1841, 740, 488, 478, 428, 287, 243, 189, 181, 171, 98, 94, 84, 79, 79, 78, 72, 66, 64, 63, 59, 47, 46, 43, 39, 38, 36, 34, 34, 34]
39 : 75 => 15 | [45484, 186, 186, 185, 177, 169, 168, 110, 81, 51, 49, 31, 29, 28, 23]
21 : 84 => 21 | [56962, 1060, 296, 288, 175, 114, 100, 93, 88, 73, 52, 51, 50, 42, 38, 34, 34, 33, 31, 30, 29]
25 : 74 => 29 | [30581, 547, 544, 328, 240, 238, 183, 173, 122, 117, 108, 95, 82, 77, 76, 75, 67, 66, 56, 47, 46, 37, 31, 30, 28, 25, 24, 23, 19]
7 : 94 => 22 | [67099, 754, 751, 562, 179, 170, 168, 157, 144, 141, 89, 84, 74, 56, 48, 47, 47, 45, 43, 42, 40, 39]
30 : 45 => 12 | [73631, 647, 442, 289, 279, 245, 189, 178, 173, 121, 86, 44]
8 : 76 => 32 | [46615, 1648, 653, 614, 525, 446, 379, 341, 261, 159, 153, 130, 126, 99, 91, 84, 77, 75, 71, 67, 63, 55, 49, 44, 41, 39, 37, 36, 29, 27, 27, 25]
17 : 59 => 11 | [64948, 118, 101, 93, 86, 86, 52, 49, 38, 34, 33]
31 : 58 => 13 | [54076, 245, 223, 162, 109, 76, 62, 60, 56, 51, 46, 39, 34]
36 : 69 => 33 | [59183, 819, 401, 288, 218, 196, 186, 149, 144, 141, 136, 129, 128, 125, 121, 116, 94, 78, 73, 72, 71, 70, 66, 65, 57, 44, 39, 38, 33, 32, 31, 30, 30]
20 : 77 => 15 | [87294, 1187, 566, 462, 354, 245, 245, 236, 178, 121, 115, 77, 60, 58, 47]
37 : 57 => 21 | [36226, 524, 264, 257, 207, 176, 157, 123, 115, 101, 95, 91, 66, 64, 62, 56, 44, 42, 34, 26, 20]
29 : 67 => 23 | [45347, 763, 416, 267, 184, 169, 168, 165, 100, 100, 85, 84, 58, 54, 48, 45, 45, 44, 38, 36, 28, 25, 23]
6 : 159 => 53 | [28382, 327, 156, 138, 133, 129, 126, 121, 108, 98, 94, 86, 79, 78, 75, 67, 54, 53, 49, 49, 45, 43, 43, 42, 40, 38, 37, 34, 32, 29, 28, 26, 24, 23, 23, 23, 23, 22, 21, 19, 18, 18, 17, 16, 16, 16, 16, 15, 15, 15, 15, 15, 15]
24 : 47 => 19 | [36563, 578, 252, 246, 139, 108, 80, 72, 65, 64, 60, 45, 39, 39, 37, 36, 30, 22, 21]
35 : 74 => 30 | [22954, 944, 822, 375, 230, 199, 197, 182, 175, 163, 141, 135, 130, 128, 104, 83, 67, 61, 51, 45, 38, 32, 31, 30, 28, 20, 20, 19, 17, 14]
26 : 71 => 38 | [25302, 11673, 701, 364, 251, 202, 172, 148, 122, 106, 103, 103, 90, 81, 75, 73, 53, 47, 47, 45, 43, 42, 39, 36, 28, 25, 23, 20, 17, 17, 15, 15, 15, 14, 14, 13, 13, 13]
19 : 105 => 36 | [43103, 1593, 1280, 1223, 508, 275, 212, 138, 115, 114, 102, 93, 77, 73, 73, 65, 65, 62, 57, 56, 53, 52, 52, 49, 44, 40, 40, 38, 31, 29, 27, 24, 24, 23, 23, 23]
27 : 95 => 28 | [43322, 615, 232, 208, 156, 151, 121, 110, 110, 96, 89, 79, 68, 62, 50, 46, 34, 34, 33, 32, 30, 28, 27, 27, 27, 25, 25, 25]
/_predsToRemove/DRHAGIS/2_c00005/ ==> /data/DRHAGIS/targetVessels/1024x1024/all/
colorMode : Grayscale
daMode : ['noDA']
imageToTensor length: 40
('imgName', 'TP', 'FP', 'TN', 'FN', 'DICE')
('1.png', 28655, 4609, 1003634, 11678, 0.7787002187589168)
('10.png', 59465, 5047, 975145, 8919, 0.894910305803034)
('11.png', 47566, 3531, 988105, 9374, 0.880550181882133)
('12.png', 24274, 2208, 1014513, 7581, 0.8321991189125255)
('13.png', 12413, 1502, 1029170, 5491, 0.7802256513403941)
('14.png', 44239, 3600, 989031, 11706, 0.8525206197487089)
('15.png', 55241, 6138, 973129, 14068, 0.8453874877571009)
('16.png', 49256, 4678, 979727, 14915, 0.834105245332543)
('17.png', 50245, 5892, 977046, 15393, 0.8252104290700062)
('18.png', 57419, 5809, 969933, 15415, 0.8440122885155297)
('19.png', 35694, 5017, 993703, 14162, 0.7882341250124217)
('2.png', 33816, 9297, 991315, 14148, 0.7425804539016436)
('20.png', 72942, 6712, 950619, 18303, 0.8536269960620015)
('21.png', 47291, 6854, 982049, 12382, 0.8309933402449524)
('22.png', 38242, 5485, 994605, 10244, 0.8294275210653596)
('23.png', 42800, 8713, 984940, 12123, 0.804239167199068)
('24.png', 30232, 4014, 1006066, 8264, 0.831211679634874)
('25.png', 24392, 6712, 1007779, 9693, 0.7483471137768642)
('26.png', 30122, 6920, 1001496, 10038, 0.7803424781741406)
('27.png', 35290, 8115, 994599, 10572, 0.7906617226970774)
('28.png', 23950, 5021, 1011332, 8273, 0.7827564793934045)
('29.png', 38309, 6192, 994092, 9983, 0.8256872824458742)
('3.png', 49770, 8802, 977118, 12886, 0.8210974362358531)
('30.png', 62785, 9249, 963003, 13539, 0.8463985764165061)
('31.png', 46436, 9196, 984141, 8803, 0.8376581793255224)
('32.png', 30232, 4014, 1006066, 8264, 0.831211679634874)
('33.png', 31579, 6644, 1001141, 9212, 0.7993267015971853)
('34.png', 33756, 8432, 998540, 7848, 0.8057093755967156)
('35.png', 21119, 5719, 1015422, 6316, 0.7782506955576438)
('36.png', 52961, 13410, 971763, 10442, 0.816203553870575)
('37.png', 29398, 6650, 1003176, 9352, 0.786063798497286)
('38.png', 50903, 12706, 970241, 14726, 0.7877404478558938)
('39.png', 35224, 6493, 995126, 11733, 0.7944606085210998)
('4.png', 39110, 7553, 991195, 10718, 0.8106455524349421)
('40.png', 43672, 8685, 984368, 11851, 0.8096403411197627)
('5.png', 33600, 6422, 995295, 13259, 0.7734717602237543)
('6.png', 21027, 7766, 1009586, 10197, 0.7007014679174234)
('7.png', 53124, 9728, 968069, 17655, 0.795084972798228)
('8.png', 37583, 6414, 989076, 15503, 0.7742447184368015)
('9.png', 37797, 7042, 992333, 11404, 0.8038494257762654)
('meanDice', 0.809)
