/_predsToRemove/DRHAGIS/0/ ==> /_predsToRemove/DRHAGIS/0_c0005/
5 : 64 => 6 | [40429, 840, 621, 509, 375, 235]
18 : 93 => 2 | [70439, 353]
33 : 34 => 3 | [37325, 518, 242]
15 : 95 => 4 | [61748, 3147, 501, 467]
34 : 63 => 3 | [38255, 239, 226]
4 : 57 => 1 | [47867]
13 : 128 => 14 | [14171, 462, 321, 222, 185, 164, 148, 112, 106, 87, 87, 82, 76, 74]
9 : 69 => 11 | [23501, 19859, 395, 280, 227, 199, 186, 179, 171, 171, 143]
12 : 63 => 13 | [25879, 965, 897, 307, 302, 299, 217, 186, 163, 149, 136, 135, 131]
1 : 77 => 5 | [35395, 395, 374, 324, 298]
2 : 63 => 2 | [42546, 389]
38 : 111 => 2 | [62196, 490]
11 : 37 => 1 | [53466]
10 : 48 => 1 | [65522]
14 : 72 => 3 | [51021, 376, 314]
23 : 72 => 2 | [48386, 286]
16 : 86 => 5 | [59418, 1226, 597, 481, 396]
22 : 69 => 3 | [43703, 581, 439]
28 : 39 => 8 | [27032, 612, 518, 489, 393, 282, 210, 166]
40 : 58 => 1 | [52850]
32 : 44 => 2 | [34362, 266]
3 : 77 => 7 | [54414, 1844, 765, 505, 453, 342, 285]
39 : 48 => 4 | [42663, 306, 260, 243]
21 : 69 => 2 | [55150, 431]
25 : 66 => 9 | [29258, 532, 382, 278, 221, 175, 167, 161, 156]
7 : 90 => 3 | [65942, 533, 360]
30 : 47 => 3 | [72566, 621, 429]
8 : 60 => 7 | [47272, 761, 727, 493, 380, 350, 263]
17 : 79 => 3 | [59284, 1779, 334]
31 : 40 => 1 | [51205]
36 : 76 => 3 | [59092, 787, 325]
20 : 87 => 3 | [88450, 1191, 494]
37 : 53 => 3 | [33975, 478, 239]
29 : 69 => 4 | [43614, 710, 334, 260]
6 : 110 => 5 | [25772, 304, 273, 143, 132]
24 : 44 => 2 | [34362, 266]
35 : 57 => 13 | [22163, 847, 182, 175, 142, 127, 126, 120, 120, 117, 117, 115, 115]
26 : 63 => 10 | [24184, 10608, 315, 292, 221, 213, 158, 151, 138, 124]
19 : 152 => 6 | [44247, 2016, 1651, 1320, 225, 222]
27 : 66 => 5 | [41017, 542, 503, 486, 277]
/_predsToRemove/DRHAGIS/0_c0005/ ==> /data/DRHAGIS/targetVessels/1024x1024/all/
colorMode : Grayscale
daMode : ['noDA']
imageToTensor length: 40
('imgName', 'TP', 'FP', 'TN', 'FN', 'DICE')
('1.png', 27622, 5642, 1006148, 9164, 0.7886366880799429)
('10.png', 57067, 7445, 975609, 8455, 0.87772428749404)
('11.png', 45735, 5362, 989748, 7731, 0.8747836232701817)
('12.png', 23454, 3028, 1015782, 6312, 0.833949651543166)
('13.png', 11931, 1984, 1030295, 4366, 0.78981861511982)
('14.png', 42288, 5551, 991314, 9423, 0.8495831240582622)
('15.png', 53931, 7448, 975265, 11932, 0.847691799877399)
('16.png', 47866, 6068, 980390, 14252, 0.8249060765863578)
('17.png', 48264, 7873, 979306, 13133, 0.8212772474347848)
('18.png', 56137, 7091, 970693, 14655, 0.8377406357260111)
('19.png', 34949, 5762, 993133, 14732, 0.7732763961412514)
('2.png', 31966, 11147, 994494, 10969, 0.7429806619561176)
('20.png', 71859, 7795, 950646, 18276, 0.8464505945614852)
('21.png', 45353, 8792, 984203, 10228, 0.8266591327488472)
('22.png', 36174, 7553, 996300, 8549, 0.8179536461277558)
('23.png', 39219, 12294, 987610, 9453, 0.7829315765833209)
('24.png', 27912, 6334, 1007614, 6716, 0.8105235647704504)
('25.png', 22963, 8141, 1009105, 8367, 0.735592785981997)
('26.png', 28069, 8973, 1003199, 8335, 0.764343871688043)
('27.png', 33786, 9619, 996132, 9039, 0.7836251884494956)
('28.png', 22356, 6615, 1012259, 7346, 0.7620540964327714)
('29.png', 36498, 8003, 995655, 8420, 0.8163365727641776)
('3.png', 47901, 10671, 979297, 10707, 0.8175627240143369)
('30.png', 61179, 10855, 964105, 12437, 0.8400823892893924)
('31.png', 44008, 11624, 985747, 7197, 0.8238344393796156)
('32.png', 27912, 6334, 1007614, 6716, 0.8105235647704504)
('33.png', 30320, 7903, 1002588, 7765, 0.7946742150233265)
('34.png', 32127, 10061, 999795, 6593, 0.7941612695901518)
('35.png', 19533, 7305, 1016805, 4933, 0.7614610946514891)
('36.png', 51019, 15352, 973020, 9185, 0.8061465534268221)
('37.png', 27216, 8832, 1005052, 7476, 0.7694656488549618)
('38.png', 48747, 14862, 971028, 13939, 0.7719545508531612)
('39.png', 33666, 8051, 997053, 9806, 0.7903837349892592)
('4.png', 38620, 8043, 992666, 9247, 0.8170951020839945)
('40.png', 42333, 10024, 985702, 10517, 0.8047563375060595)
('5.png', 32520, 7502, 998065, 10489, 0.7833218918235358)
('6.png', 19783, 9010, 1012942, 6841, 0.7139686377826299)
('7.png', 51771, 11081, 970660, 15064, 0.7983992227439913)
('8.png', 36834, 7163, 991167, 13412, 0.7816813980879217)
('9.png', 36090, 8749, 994516, 9221, 0.8006655574043261)
('meanDice', 0.802)
/_predsToRemove/DRHAGIS/1/ ==> /_predsToRemove/DRHAGIS/1_c0005/
5 : 84 => 2 | [42294, 497]
18 : 97 => 3 | [67485, 2605, 669]
33 : 41 => 3 | [36129, 607, 423]
15 : 102 => 6 | [63038, 3358, 504, 459, 394, 351]
34 : 63 => 1 | [39710]
4 : 73 => 4 | [45991, 1818, 432, 273]
13 : 141 => 8 | [14415, 473, 279, 196, 153, 125, 120, 74]
9 : 88 => 2 | [45496, 314]
12 : 79 => 7 | [26738, 984, 287, 213, 205, 175, 166]
1 : 93 => 8 | [34271, 881, 639, 413, 340, 204, 179, 174]
2 : 74 => 1 | [44481]
38 : 82 => 1 | [63452]
11 : 59 => 1 | [54175]
10 : 45 => 1 | [65498]
14 : 96 => 2 | [52624, 286]
23 : 72 => 2 | [50212, 286]
16 : 71 => 4 | [60776, 1000, 504, 347]
22 : 53 => 3 | [44628, 650, 229]
28 : 53 => 7 | [27461, 783, 691, 432, 253, 170, 144]
40 : 47 => 2 | [51000, 374]
32 : 41 => 4 | [35214, 642, 202, 188]
3 : 86 => 5 | [56305, 1918, 660, 512, 478]
39 : 41 => 2 | [43596, 629]
21 : 83 => 2 | [56131, 295]
25 : 57 => 6 | [30767, 568, 321, 188, 177, 155]
7 : 115 => 2 | [67692, 583]
30 : 37 => 3 | [71648, 672, 455]
8 : 79 => 9 | [44723, 1342, 1314, 649, 533, 402, 319, 252, 240]
17 : 78 => 1 | [62685]
31 : 50 => 1 | [53372]
36 : 70 => 2 | [59953, 351]
20 : 85 => 2 | [85281, 1228]
37 : 63 => 5 | [34760, 651, 318, 305, 237]
29 : 77 => 4 | [45058, 676, 327, 275]
6 : 171 => 8 | [26822, 302, 240, 168, 153, 151, 149, 149]
24 : 41 => 4 | [35214, 642, 202, 188]
35 : 62 => 13 | [21541, 850, 771, 285, 232, 212, 208, 191, 179, 151, 144, 136, 108]
26 : 55 => 11 | [24634, 11249, 415, 391, 389, 215, 209, 201, 195, 182, 125]
19 : 120 => 4 | [45793, 1726, 605, 261]
27 : 65 => 1 | [44346]
/_predsToRemove/DRHAGIS/1_c0005/ ==> /data/DRHAGIS/targetVessels/1024x1024/all/
colorMode : Grayscale
daMode : ['noDA']
imageToTensor length: 40
('imgName', 'TP', 'FP', 'TN', 'FN', 'DICE')
('1.png', 27762, 5502, 1005973, 9339, 0.7890854828394799)
('10.png', 58006, 6506, 976572, 7492, 0.8923313591262211)
('11.png', 46456, 4641, 989760, 7719, 0.882589862451554)
('12.png', 23640, 2842, 1016966, 5128, 0.8557466063348417)
('13.png', 12099, 1816, 1030925, 3736, 0.8133781512605042)
('14.png', 42963, 4876, 990790, 9947, 0.8528719888038591)
('15.png', 55785, 5594, 974878, 12319, 0.8616575148861241)
('16.png', 49080, 4854, 981095, 13547, 0.842134161511998)
('17.png', 49135, 7002, 978889, 13550, 0.8270353974853142)
('18.png', 57311, 5917, 971900, 13448, 0.8554710531618739)
('19.png', 35814, 4897, 995294, 12571, 0.8039418155697226)
('2.png', 32218, 10895, 993200, 12263, 0.7356211612667535)
('20.png', 71299, 8355, 953712, 15210, 0.8581814242641261)
('21.png', 46089, 8056, 984094, 10337, 0.8336543940092791)
('22.png', 37286, 6441, 996628, 8221, 0.8356904318981554)
('23.png', 41082, 10431, 987647, 9416, 0.8054425503132016)
('24.png', 29342, 4904, 1007426, 6904, 0.8324916302559155)
('25.png', 23812, 7292, 1009108, 8364, 0.7525916561314792)
('26.png', 29484, 7558, 1002813, 8721, 0.7836591492019616)
('27.png', 34844, 8561, 995669, 9502, 0.7941561919522284)
('28.png', 23165, 5806, 1012836, 6769, 0.78652066887361)
('29.png', 37464, 7037, 995203, 8872, 0.8248621156577166)
('3.png', 48041, 10531, 978172, 11832, 0.811195069441513)
('30.png', 61268, 10766, 965035, 11507, 0.8461904992093033)
('31.png', 45300, 10332, 984872, 8072, 0.8311621591868188)
('32.png', 29342, 4904, 1007426, 6904, 0.8324916302559155)
('33.png', 30322, 7901, 1003516, 6837, 0.8044891353373484)
('34.png', 33103, 9085, 999781, 6607, 0.8083958094214755)
('35.png', 20572, 6266, 1017302, 4436, 0.7935809898545693)
('36.png', 51531, 14840, 973432, 8773, 0.8135938425103612)
('37.png', 28337, 7711, 1004594, 7934, 0.7836668095521232)
('38.png', 50327, 13282, 971842, 13125, 0.7921706896687418)
('39.png', 34393, 7324, 997027, 9832, 0.8003769984408089)
('4.png', 38309, 8354, 991708, 10205, 0.805005410971138)
('40.png', 42117, 10240, 986962, 9257, 0.812042687335512)
('5.png', 32306, 7716, 998069, 10485, 0.7802156666223902)
('6.png', 20252, 8541, 1011901, 7882, 0.7115077204138633)
('7.png', 52026, 10826, 969475, 16249, 0.7935207851929809)
('8.png', 36254, 7743, 991059, 13520, 0.7732454596836975)
('9.png', 36044, 8795, 993971, 9766, 0.7952431907687895)
('meanDice', 0.813)
/_predsToRemove/DRHAGIS/2/ ==> /_predsToRemove/DRHAGIS/2_c0005/
5 : 82 => 3 | [44025, 901, 225]
18 : 92 => 5 | [36013, 33237, 1115, 499, 317]
33 : 32 => 4 | [39044, 542, 315, 236]
15 : 103 => 5 | [62339, 3313, 658, 435, 361]
34 : 69 => 2 | [39884, 261]
4 : 62 => 1 | [49239]
13 : 123 => 16 | [9231, 5487, 528, 326, 257, 228, 178, 169, 165, 128, 127, 98, 74, 59, 52, 47]
9 : 72 => 10 | [25253, 21270, 323, 253, 196, 174, 173, 153, 149, 131]
12 : 97 => 6 | [28374, 1081, 445, 338, 226, 183]
1 : 95 => 5 | [37508, 419, 259, 228, 213]
2 : 68 => 2 | [45795, 398]
38 : 107 => 1 | [62883]
11 : 49 => 1 | [56134]
10 : 52 => 2 | [66084, 445]
14 : 88 => 3 | [53327, 398, 348]
23 : 69 => 2 | [52836, 282]
16 : 78 => 4 | [60595, 1163, 578, 351]
22 : 44 => 3 | [46629, 707, 365]
28 : 42 => 5 | [29672, 819, 445, 236, 234]
40 : 60 => 2 | [53722, 309]
32 : 47 => 4 | [36563, 578, 252, 246]
3 : 86 => 7 | [56423, 1841, 740, 488, 478, 428, 287]
39 : 75 => 1 | [45484]
21 : 84 => 4 | [56962, 1060, 296, 288]
25 : 74 => 8 | [30581, 547, 544, 328, 240, 238, 183, 173]
7 : 94 => 4 | [67099, 754, 751, 562]
30 : 45 => 3 | [73631, 647, 442]
8 : 76 => 9 | [46615, 1648, 653, 614, 525, 446, 379, 341, 261]
17 : 59 => 1 | [64948]
31 : 58 => 1 | [54076]
36 : 69 => 3 | [59183, 819, 401]
20 : 77 => 4 | [87294, 1187, 566, 462]
37 : 57 => 5 | [36226, 524, 264, 257, 207]
29 : 67 => 4 | [45347, 763, 416, 267]
6 : 159 => 3 | [28382, 327, 156]
24 : 47 => 4 | [36563, 578, 252, 246]
35 : 74 => 14 | [22954, 944, 822, 375, 230, 199, 197, 182, 175, 163, 141, 135, 130, 128]
26 : 71 => 8 | [25302, 11673, 701, 364, 251, 202, 172, 148]
19 : 105 => 6 | [43103, 1593, 1280, 1223, 508, 275]
27 : 95 => 3 | [43322, 615, 232]
/_predsToRemove/DRHAGIS/2_c0005/ ==> /data/DRHAGIS/targetVessels/1024x1024/all/
colorMode : Grayscale
daMode : ['noDA']
imageToTensor length: 40
('imgName', 'TP', 'FP', 'TN', 'FN', 'DICE')
('1.png', 28238, 5026, 1004923, 10389, 0.785578166947184)
('10.png', 58054, 6458, 975589, 8475, 0.8860432994253706)
('11.png', 47057, 4040, 988402, 9077, 0.8776752991205902)
('12.png', 23751, 2731, 1015198, 6896, 0.831486635509111)
('13.png', 12367, 1548, 1029874, 4787, 0.7960990054395056)
('14.png', 43207, 4632, 989871, 10866, 0.8479276238323259)
('15.png', 54121, 7258, 974212, 12985, 0.8424485348484259)
('16.png', 48433, 5501, 980388, 14254, 0.8306051225765514)
('17.png', 49891, 6246, 977382, 15057, 0.8240657389437173)
('18.png', 56670, 6558, 970837, 14511, 0.8432471039885722)
('19.png', 35040, 5671, 994923, 12942, 0.7901412738322078)
('2.png', 33034, 10079, 992304, 13159, 0.7397935189125031)
('20.png', 72002, 7652, 951415, 17507, 0.8512736236647493)
('21.png', 46875, 7270, 982700, 11731, 0.8314782130535427)
('22.png', 37782, 5945, 994930, 9919, 0.8264864155400972)
('23.png', 41756, 9757, 985701, 11362, 0.7981573338685476)
('24.png', 29637, 4609, 1006328, 8002, 0.8245670167628851)
('25.png', 23804, 7300, 1008442, 9030, 0.7445963276924521)
('26.png', 29296, 7746, 1002017, 9517, 0.7724210665084701)
('27.png', 34249, 9156, 995251, 9920, 0.7821727910110307)
('28.png', 23459, 5512, 1011658, 7947, 0.7770839889361844)
('29.png', 37379, 7122, 994661, 9414, 0.8188709006068307)
('3.png', 48981, 9591, 978300, 11704, 0.8214360582607311)
('30.png', 61923, 10111, 963745, 12797, 0.8439020401488204)
('31.png', 45650, 9982, 984518, 8426, 0.8322091369818062)
('32.png', 29637, 4609, 1006328, 8002, 0.8245670167628851)
('33.png', 31171, 7052, 1001387, 8966, 0.7955844818785095)
('34.png', 32825, 9363, 999068, 7320, 0.7973716492779322)
('35.png', 20729, 6109, 1015692, 6046, 0.7732825993695559)
('36.png', 51085, 15286, 972887, 9318, 0.8059223500086768)
('37.png', 28588, 7460, 1003638, 8890, 0.7776296820172456)
('38.png', 49299, 14310, 971383, 13584, 0.7794801252253107)
('39.png', 34327, 7390, 995702, 11157, 0.7873074850059059)
('4.png', 38898, 7765, 991572, 10341, 0.8112031031678172)
('40.png', 42781, 9576, 984969, 11250, 0.8042448396435689)
('5.png', 33140, 6882, 996543, 12011, 0.7781808789170277)
('6.png', 20487, 8306, 1011405, 8378, 0.7106385930833535)
('7.png', 52494, 10358, 969052, 16672, 0.7952551924737535)
('8.png', 37228, 6769, 990325, 14254, 0.7798154568020192)
('9.png', 37187, 7652, 992849, 10888, 0.8004606410228814)
('meanDice', 0.806)
