/_predsToRemove/CHASEDB1/0/ ==> /_predsToRemove/CHASEDB1/0_c0001/
5 : 121 => 21 | [84615, 5007, 1641, 607, 426, 420, 420, 359, 205, 205, 193, 182, 147, 147, 124, 123, 116, 102, 98, 89, 87]
18 : 44 => 16 | [65263, 514, 443, 288, 272, 236, 229, 206, 198, 187, 186, 157, 144, 127, 123, 103]
15 : 32 => 8 | [97908, 339, 283, 247, 243, 150, 111, 103]
4 : 49 => 10 | [78232, 1318, 574, 421, 191, 151, 101, 100, 94, 86]
13 : 22 => 10 | [94781, 1486, 1454, 834, 802, 608, 288, 236, 174, 109]
9 : 47 => 8 | [87368, 1290, 924, 465, 326, 178, 105, 99]
12 : 26 => 10 | [85662, 1113, 665, 602, 437, 279, 278, 236, 180, 107]
1 : 108 => 15 | [78884, 1896, 1603, 1564, 1347, 474, 415, 249, 184, 183, 151, 115, 104, 86, 83]
2 : 97 => 24 | [72763, 10280, 4575, 1528, 839, 627, 594, 588, 434, 333, 318, 261, 253, 210, 151, 151, 139, 136, 115, 106, 105, 85, 80, 77]
11 : 14 => 4 | [90015, 1415, 376, 136]
10 : 17 => 9 | [95615, 970, 355, 228, 217, 160, 145, 134, 110]
14 : 31 => 15 | [89376, 1309, 1085, 589, 329, 276, 246, 133, 129, 115, 104, 101, 94, 92, 91]
23 : 25 => 11 | [101161, 747, 623, 396, 356, 329, 286, 243, 139, 111, 108]
16 : 32 => 14 | [94882, 2231, 1016, 469, 427, 346, 331, 328, 303, 248, 188, 155, 132, 122]
22 : 47 => 20 | [98916, 731, 585, 334, 312, 271, 245, 229, 219, 216, 206, 185, 173, 139, 132, 129, 129, 125, 113, 112]
28 : 54 => 16 | [94386, 1303, 872, 817, 761, 563, 426, 280, 236, 229, 220, 198, 180, 121, 117, 99]
3 : 85 => 13 | [90384, 935, 878, 839, 790, 415, 340, 316, 286, 280, 156, 135, 103]
21 : 30 => 11 | [91519, 4635, 1425, 1319, 758, 379, 233, 230, 223, 215, 117]
25 : 30 => 11 | [98837, 2089, 1091, 568, 328, 296, 289, 202, 181, 162, 124]
7 : 33 => 16 | [80246, 1859, 1449, 1302, 1043, 448, 357, 355, 342, 319, 259, 188, 183, 164, 126, 110]
8 : 49 => 10 | [91792, 1133, 619, 252, 205, 175, 133, 104, 97, 92]
17 : 40 => 11 | [94058, 2337, 1679, 903, 787, 605, 359, 341, 300, 205, 163]
20 : 46 => 6 | [68296, 852, 413, 249, 163, 74]
6 : 139 => 24 | [79969, 1345, 898, 756, 686, 606, 525, 458, 434, 364, 190, 185, 180, 176, 169, 153, 149, 122, 121, 105, 104, 103, 100, 98]
24 : 43 => 20 | [82256, 11579, 689, 679, 565, 335, 322, 271, 227, 192, 165, 164, 157, 122, 121, 114, 111, 85, 85, 84]
26 : 30 => 9 | [100767, 1616, 429, 365, 338, 202, 191, 160, 127]
19 : 25 => 5 | [77559, 227, 192, 128, 88]
27 : 38 => 12 | [95094, 1163, 726, 470, 292, 248, 180, 138, 117, 113, 99, 98]
/_predsToRemove/CHASEDB1/0_c0001/ ==> /data/CHASEDB1/targetVessels/1024x1024/all/
colorMode : Grayscale
daMode : ['noDA']
imageToTensor length: 28
('imgName', 'TP', 'FP', 'TN', 'FN', 'DICE')
('1.tif', 66495, 15203, 946035, 20843, 0.7867554840389029)
('10.tif', 91148, 4350, 946292, 6786, 0.9424293808676951)
('11.tif', 82462, 3977, 952657, 9480, 0.9245603511584753)
('12.tif', 78037, 5021, 953996, 11522, 0.9041635528366267)
('13.tif', 89465, 5750, 942054, 11307, 0.912968717312883)
('14.tif', 83904, 4386, 950121, 10165, 0.9202068447403199)
('15.tif', 88836, 6296, 942896, 10548, 0.9134055810318945)
('16.tif', 88241, 7036, 940362, 12937, 0.8983329515665165)
('17.tif', 90344, 9128, 937711, 11393, 0.8980115203594272)
('18.tif', 59990, 6642, 973258, 8686, 0.8867177107044668)
('19.tif', 65505, 3217, 967165, 12689, 0.8917340521114105)
('2.tif', 70158, 11956, 941872, 24590, 0.7933643179428028)
('20.tif', 60477, 5054, 973475, 9570, 0.8921358922539055)
('21.tif', 90427, 8300, 939223, 10626, 0.9052657923716088)
('22.tif', 92202, 11126, 933949, 11299, 0.891577099923125)
('23.tif', 87987, 7215, 936862, 16512, 0.8811873751258131)
('24.tif', 87663, 9234, 941019, 10660, 0.8980944575350887)
('25.tif', 95295, 11272, 933137, 8872, 0.9044102992398)
('26.tif', 90569, 9399, 934982, 13626, 0.8872224644034423)
('27.tif', 89186, 7379, 942459, 9552, 0.9133090633528415)
('28.tif', 89668, 11098, 936670, 11140, 0.8896782323117068)
('3.tif', 74758, 17007, 935712, 21099, 0.7969001503022034)
('4.tif', 62934, 7011, 960297, 18334, 0.8323887496445411)
('5.tif', 68986, 13237, 940026, 26327, 0.7771494232155732)
('6.tif', 62429, 11168, 949412, 25567, 0.772669608213227)
('7.tif', 72882, 7904, 951922, 15868, 0.859781993204983)
('8.tif', 83791, 11887, 942087, 10811, 0.8807126340130335)
('9.tif', 70858, 7986, 949835, 19897, 0.8355945494961645)
('meanDice', 0.875)
/_predsToRemove/CHASEDB1/1/ ==> /_predsToRemove/CHASEDB1/1_c0001/
5 : 98 => 23 | [74832, 4843, 4547, 1691, 1562, 416, 361, 351, 346, 311, 242, 233, 221, 205, 192, 170, 150, 135, 127, 123, 116, 103, 90]
18 : 44 => 21 | [62123, 780, 583, 449, 388, 285, 280, 278, 231, 219, 214, 186, 176, 164, 159, 154, 136, 116, 108, 100, 75]
15 : 29 => 10 | [92126, 1433, 467, 246, 177, 174, 170, 106, 106, 103]
4 : 56 => 11 | [73440, 1753, 1102, 682, 547, 317, 171, 164, 151, 95, 80]
13 : 31 => 15 | [91193, 1205, 729, 483, 421, 383, 281, 270, 169, 164, 157, 154, 149, 143, 92]
9 : 45 => 9 | [81855, 2183, 1121, 884, 740, 525, 517, 125, 119]
12 : 24 => 8 | [85420, 1015, 627, 500, 288, 217, 112, 102]
1 : 88 => 23 | [74140, 1669, 1490, 1283, 1264, 1249, 877, 563, 450, 405, 294, 252, 212, 134, 120, 119, 112, 85, 85, 82, 79, 79, 76]
2 : 92 => 24 | [69662, 10130, 4082, 3514, 778, 653, 479, 405, 403, 322, 227, 219, 217, 208, 204, 152, 150, 117, 110, 99, 98, 96, 89, 76]
11 : 9 => 5 | [87418, 1870, 799, 287, 91]
10 : 24 => 10 | [92448, 502, 499, 397, 205, 168, 138, 134, 110, 108]
14 : 29 => 16 | [86077, 1194, 878, 756, 465, 372, 285, 267, 255, 233, 204, 200, 141, 131, 117, 95]
23 : 38 => 14 | [97799, 325, 299, 292, 291, 277, 258, 222, 222, 160, 148, 133, 130, 126]
16 : 58 => 19 | [87641, 2045, 1618, 903, 859, 449, 375, 320, 307, 280, 278, 224, 221, 187, 164, 123, 113, 109, 89]
22 : 61 => 19 | [89463, 3304, 1679, 1031, 999, 493, 314, 276, 251, 226, 213, 201, 178, 168, 165, 163, 150, 100, 92]
28 : 41 => 15 | [92281, 1723, 1204, 876, 514, 495, 356, 209, 202, 199, 171, 126, 117, 115, 104]
3 : 71 => 22 | [81092, 2116, 1342, 1148, 1014, 760, 745, 684, 603, 263, 259, 248, 192, 188, 135, 113, 108, 99, 99, 94, 94, 83]
21 : 22 => 8 | [95263, 1842, 342, 298, 241, 188, 157, 98]
25 : 38 => 14 | [95225, 2055, 962, 695, 661, 646, 511, 432, 289, 187, 122, 117, 110, 102]
7 : 48 => 18 | [77039, 2302, 1497, 1374, 1318, 913, 434, 391, 378, 312, 304, 257, 208, 147, 136, 130, 128, 96]
8 : 29 => 8 | [85690, 3461, 1110, 530, 262, 194, 165, 91]
17 : 44 => 13 | [91158, 1981, 1469, 908, 827, 578, 310, 305, 221, 174, 146, 128, 123]
20 : 23 => 12 | [66569, 876, 523, 452, 187, 177, 165, 149, 147, 103, 81, 79]
6 : 108 => 20 | [76550, 1346, 709, 548, 472, 449, 241, 217, 214, 190, 171, 145, 135, 120, 114, 107, 103, 98, 90, 79]
24 : 35 => 16 | [93411, 878, 608, 425, 340, 287, 238, 201, 182, 162, 157, 147, 135, 113, 112, 108]
26 : 35 => 12 | [96599, 752, 445, 399, 345, 191, 138, 135, 127, 121, 105, 98]
19 : 27 => 8 | [75241, 407, 318, 239, 212, 190, 151, 151]
27 : 33 => 9 | [93955, 1167, 752, 450, 257, 227, 213, 185, 113]
/_predsToRemove/CHASEDB1/1_c0001/ ==> /data/CHASEDB1/targetVessels/1024x1024/all/
colorMode : Grayscale
daMode : ['noDA']
imageToTensor length: 28
('imgName', 'TP', 'FP', 'TN', 'FN', 'DICE')
('1.tif', 64961, 16737, 946720, 20158, 0.7788294957947931)
('10.tif', 89797, 5701, 948166, 4912, 0.9442028947409927)
('11.tif', 81609, 4830, 953281, 8856, 0.9226360059693393)
('12.tif', 77193, 5865, 954430, 11088, 0.9010558016563655)
('13.tif', 87649, 7566, 945017, 8344, 0.9167921844274298)
('14.tif', 83067, 5223, 951683, 8603, 0.923171815959102)
('15.tif', 86766, 8366, 945102, 8342, 0.9121740958788899)
('16.tif', 86146, 9131, 943140, 10159, 0.8993120439289704)
('17.tif', 88974, 10498, 939750, 9354, 0.8996359959555106)
('18.tif', 58829, 7803, 973569, 8375, 0.8791207149048089)
('19.tif', 64232, 4490, 967177, 12677, 0.8821198783226099)
('2.tif', 69188, 12926, 943160, 23302, 0.7925133444823715)
('20.tif', 59833, 5698, 973370, 9675, 0.8861588133798384)
('21.tif', 89143, 9584, 940563, 9286, 0.9042889894296902)
('22.tif', 89518, 13810, 935300, 9948, 0.8828466325433691)
('23.tif', 85386, 9816, 938078, 15296, 0.8718016785444447)
('24.tif', 86469, 10428, 940644, 11035, 0.8895941893303018)
('25.tif', 93337, 13230, 933232, 8777, 0.8945423876634672)
('26.tif', 87892, 12076, 937045, 11563, 0.8814630208150515)
('27.tif', 87727, 8838, 942419, 9592, 0.904943161890615)
('28.tif', 88247, 12519, 937365, 10445, 0.8848679922590219)
('3.tif', 72488, 19277, 937820, 18991, 0.7911636943092271)
('4.tif', 61113, 8832, 961242, 17389, 0.8233645678255539)
('5.tif', 67125, 15098, 942111, 24242, 0.7733740422835417)
('6.tif', 61520, 12077, 954401, 20578, 0.7902630142265327)
('7.tif', 72139, 8647, 952565, 15225, 0.8580315194766578)
('8.tif', 81882, 13796, 943277, 9621, 0.8748964905626105)
('9.tif', 69452, 9392, 951115, 18617, 0.8321940172425155)
('meanDice', 0.871)
/_predsToRemove/CHASEDB1/2/ ==> /_predsToRemove/CHASEDB1/2_c0001/
5 : 95 => 20 | [79587, 4938, 1803, 1724, 1116, 617, 484, 332, 322, 259, 242, 166, 152, 139, 139, 136, 92, 91, 86, 80]
18 : 54 => 14 | [62858, 1331, 814, 617, 428, 272, 266, 183, 138, 129, 105, 98, 81, 66]
15 : 43 => 9 | [95233, 333, 272, 233, 197, 176, 174, 102, 101]
4 : 73 => 12 | [74955, 1319, 1011, 590, 340, 235, 135, 133, 104, 96, 86, 75]
13 : 42 => 13 | [91625, 801, 730, 621, 568, 429, 369, 362, 285, 267, 166, 150, 130]
9 : 48 => 10 | [84989, 996, 712, 576, 505, 423, 385, 182, 96, 91]
12 : 29 => 8 | [84829, 992, 340, 323, 259, 195, 136, 119]
1 : 106 => 16 | [80316, 1559, 1061, 597, 289, 249, 227, 207, 204, 129, 113, 108, 108, 101, 101, 86]
2 : 123 => 28 | [74665, 7201, 2302, 1517, 724, 495, 478, 343, 320, 291, 262, 260, 250, 237, 224, 198, 143, 142, 98, 92, 89, 88, 88, 88, 83, 81, 81, 79]
11 : 6 => 4 | [90111, 159, 121, 109]
10 : 18 => 12 | [93048, 566, 554, 235, 209, 177, 148, 140, 139, 118, 99, 95]
14 : 32 => 14 | [87824, 1096, 1075, 446, 348, 268, 234, 215, 199, 195, 150, 141, 128, 122]
23 : 37 => 15 | [98058, 735, 663, 408, 307, 243, 240, 234, 228, 223, 158, 154, 146, 142, 123]
16 : 58 => 16 | [92792, 971, 966, 827, 556, 498, 470, 386, 303, 299, 252, 212, 200, 152, 119, 96]
22 : 56 => 21 | [93736, 1947, 1222, 707, 458, 444, 388, 304, 265, 244, 225, 221, 212, 200, 190, 171, 165, 137, 128, 124, 109]
28 : 40 => 15 | [93961, 1933, 1237, 932, 589, 395, 177, 174, 154, 152, 142, 113, 100, 97, 95]
3 : 71 => 17 | [85665, 977, 737, 725, 599, 561, 483, 399, 297, 193, 158, 156, 149, 131, 129, 122, 108]
21 : 44 => 9 | [95711, 1249, 1031, 367, 303, 204, 134, 118, 97]
25 : 44 => 9 | [98071, 2089, 917, 658, 373, 243, 235, 204, 144]
7 : 50 => 17 | [78148, 2577, 1898, 1125, 839, 761, 387, 365, 334, 332, 290, 266, 176, 143, 110, 103, 90]
8 : 38 => 8 | [88613, 3532, 594, 261, 227, 184, 142, 94]
17 : 46 => 13 | [92812, 2655, 2240, 1533, 590, 251, 205, 178, 121, 120, 116, 106, 103]
20 : 49 => 11 | [65249, 636, 309, 266, 240, 216, 205, 120, 89, 72, 71]
6 : 120 => 18 | [78754, 1493, 767, 446, 431, 429, 417, 411, 244, 232, 212, 171, 167, 163, 159, 108, 91, 82]
24 : 60 => 18 | [92418, 998, 925, 309, 273, 262, 232, 224, 196, 176, 170, 146, 129, 126, 115, 113, 112, 100]
26 : 54 => 13 | [96506, 1328, 1275, 537, 437, 318, 295, 257, 247, 146, 144, 132, 105]
19 : 24 => 9 | [74976, 362, 292, 233, 143, 108, 96, 89, 76]
27 : 32 => 9 | [94550, 1032, 745, 480, 264, 206, 192, 190, 110]
/_predsToRemove/CHASEDB1/2_c0001/ ==> /data/CHASEDB1/targetVessels/1024x1024/all/
colorMode : Grayscale
daMode : ['noDA']
imageToTensor length: 28
('imgName', 'TP', 'FP', 'TN', 'FN', 'DICE')
('1.tif', 65684, 16014, 947107, 19771, 0.7859147009027657)
('10.tif', 90354, 5144, 947904, 5174, 0.9459864102268801)
('11.tif', 82038, 4401, 953675, 8462, 0.927302629719847)
('12.tif', 76775, 6283, 955100, 10418, 0.9019036598903971)
('13.tif', 86776, 8439, 943634, 9727, 0.9052462470920831)
('14.tif', 82770, 5520, 950615, 9671, 0.9159469045155507)
('15.tif', 86928, 8204, 943551, 9893, 0.9057217131276927)
('16.tif', 86987, 8290, 941187, 12112, 0.8950384821171338)
('17.tif', 90150, 9322, 938224, 10880, 0.8992429003201963)
('18.tif', 58738, 7894, 973296, 8648, 0.8765688191138504)
('19.tif', 64074, 4648, 967553, 12301, 0.8831884877013308)
('2.tif', 67842, 14272, 943385, 23077, 0.7841510000982471)
('20.tif', 58899, 6632, 974471, 8574, 0.8856726113500346)
('21.tif', 89747, 8980, 940382, 9467, 0.9068055632739048)
('22.tif', 91057, 12271, 934708, 10540, 0.8886861046724411)
('23.tif', 86251, 8951, 937563, 15811, 0.8744727877362316)
('24.tif', 86471, 10426, 941126, 10553, 0.8918167707468505)
('25.tif', 93776, 12791, 932851, 9158, 0.8952320036658536)
('26.tif', 88732, 11236, 935613, 12995, 0.8798631597213614)
('27.tif', 87823, 8742, 942065, 9946, 0.9038356643716489)
('28.tif', 88960, 11806, 936519, 11291, 0.8850992702109772)
('3.tif', 72163, 19602, 937385, 19426, 0.7871439946769637)
('4.tif', 61794, 8151, 961346, 17285, 0.8293160833154392)
('5.tif', 67742, 14481, 941590, 24763, 0.775399478045877)
('6.tif', 62101, 11496, 952303, 22676, 0.7842322603457639)
('7.tif', 72716, 8070, 952562, 15228, 0.8619214129081966)
('8.tif', 83306, 12372, 942557, 10341, 0.880031691535719)
('9.tif', 69853, 8991, 950630, 19102, 0.8325794551814969)
('meanDice', 0.871)
