/_predsToRemove/CHASEDB1/0/ ==> /_predsToRemove/CHASEDB1/0_c00001/
5 : 121 => 81 | [84615, 5007, 1641, 607, 426, 420, 420, 359, 205, 205, 193, 182, 147, 147, 124, 123, 116, 102, 98, 89, 87, 77, 64, 63, 62, 60, 57, 54, 53, 47, 47, 43, 41, 41, 33, 32, 32, 32, 31, 29, 28, 27, 27, 26, 25, 25, 24, 24, 23, 21, 21, 21, 21, 20, 19, 18, 18, 17, 17, 16, 16, 16, 14, 14, 14, 14, 13, 13, 13, 13, 13, 11, 11, 11, 11, 10, 10, 10, 10, 9, 9]
18 : 44 => 34 | [65263, 514, 443, 288, 272, 236, 229, 206, 198, 187, 186, 157, 144, 127, 123, 103, 60, 32, 28, 27, 19, 19, 19, 18, 15, 11, 10, 9, 8, 8, 8, 7, 7, 7]
15 : 32 => 19 | [97908, 339, 283, 247, 243, 150, 111, 103, 89, 89, 78, 35, 34, 30, 15, 14, 12, 11, 11]
4 : 49 => 37 | [78232, 1318, 574, 421, 191, 151, 101, 100, 94, 86, 60, 56, 56, 51, 50, 46, 39, 38, 38, 29, 29, 20, 19, 18, 18, 17, 15, 15, 13, 12, 12, 12, 11, 11, 10, 9, 9]
13 : 22 => 14 | [94781, 1486, 1454, 834, 802, 608, 288, 236, 174, 109, 51, 17, 16, 12]
9 : 47 => 30 | [87368, 1290, 924, 465, 326, 178, 105, 99, 73, 60, 58, 54, 53, 42, 32, 31, 31, 24, 23, 12, 12, 12, 12, 11, 11, 11, 10, 10, 9, 9]
12 : 26 => 17 | [85662, 1113, 665, 602, 437, 279, 278, 236, 180, 107, 70, 40, 26, 25, 16, 15, 10]
1 : 108 => 72 | [78884, 1896, 1603, 1564, 1347, 474, 415, 249, 184, 183, 151, 115, 104, 86, 83, 76, 71, 71, 67, 67, 65, 64, 51, 44, 43, 43, 43, 42, 42, 42, 39, 39, 38, 37, 37, 33, 33, 32, 32, 32, 28, 27, 27, 27, 26, 26, 22, 21, 21, 21, 20, 20, 19, 19, 16, 16, 15, 14, 14, 14, 13, 12, 11, 11, 11, 10, 9, 9, 8, 8, 8, 8]
2 : 97 => 71 | [72763, 10280, 4575, 1528, 839, 627, 594, 588, 434, 333, 318, 261, 253, 210, 151, 151, 139, 136, 115, 106, 105, 85, 80, 77, 69, 61, 60, 58, 56, 56, 54, 47, 43, 38, 38, 38, 37, 35, 35, 34, 34, 34, 32, 32, 30, 27, 27, 27, 27, 25, 25, 23, 22, 22, 19, 18, 18, 17, 16, 15, 14, 13, 12, 12, 12, 11, 11, 11, 10, 9, 9]
11 : 14 => 8 | [90015, 1415, 376, 136, 65, 21, 20, 15]
10 : 17 => 11 | [95615, 970, 355, 228, 217, 160, 145, 134, 110, 11, 10]
14 : 31 => 19 | [89376, 1309, 1085, 589, 329, 276, 246, 133, 129, 115, 104, 101, 94, 92, 91, 36, 33, 20, 9]
23 : 25 => 18 | [101161, 747, 623, 396, 356, 329, 286, 243, 139, 111, 108, 35, 33, 24, 14, 13, 12, 11]
16 : 32 => 17 | [94882, 2231, 1016, 469, 427, 346, 331, 328, 303, 248, 188, 155, 132, 122, 63, 30, 11]
22 : 47 => 26 | [98916, 731, 585, 334, 312, 271, 245, 229, 219, 216, 206, 185, 173, 139, 132, 129, 129, 125, 113, 112, 85, 33, 31, 12, 10, 10]
28 : 54 => 36 | [94386, 1303, 872, 817, 761, 563, 426, 280, 236, 229, 220, 198, 180, 121, 117, 99, 90, 58, 55, 54, 51, 51, 47, 47, 45, 42, 39, 39, 37, 31, 26, 16, 14, 13, 13, 11]
3 : 85 => 51 | [90384, 935, 878, 839, 790, 415, 340, 316, 286, 280, 156, 135, 103, 86, 77, 74, 74, 70, 68, 62, 53, 46, 43, 41, 34, 34, 33, 31, 31, 30, 26, 26, 24, 22, 21, 21, 20, 19, 19, 17, 16, 15, 14, 13, 12, 12, 12, 11, 11, 10, 10]
21 : 30 => 17 | [91519, 4635, 1425, 1319, 758, 379, 233, 230, 223, 215, 117, 90, 61, 18, 16, 11, 10]
25 : 30 => 23 | [98837, 2089, 1091, 568, 328, 296, 289, 202, 181, 162, 124, 97, 94, 94, 93, 68, 66, 47, 29, 27, 24, 13, 10]
7 : 33 => 21 | [80246, 1859, 1449, 1302, 1043, 448, 357, 355, 342, 319, 259, 188, 183, 164, 126, 110, 64, 41, 29, 22, 9]
8 : 49 => 28 | [91792, 1133, 619, 252, 205, 175, 133, 104, 97, 92, 89, 82, 77, 73, 45, 43, 36, 36, 28, 25, 24, 21, 20, 16, 12, 11, 10, 10]
17 : 40 => 28 | [94058, 2337, 1679, 903, 787, 605, 359, 341, 300, 205, 163, 88, 88, 80, 80, 65, 57, 56, 51, 39, 37, 32, 26, 26, 15, 15, 10, 10]
20 : 46 => 29 | [68296, 852, 413, 249, 163, 74, 68, 55, 53, 39, 37, 35, 34, 31, 30, 29, 29, 23, 22, 22, 20, 17, 17, 16, 15, 11, 10, 9, 7]
6 : 139 => 87 | [79969, 1345, 898, 756, 686, 606, 525, 458, 434, 364, 190, 185, 180, 176, 169, 153, 149, 122, 121, 105, 104, 103, 100, 98, 78, 76, 76, 74, 71, 69, 66, 65, 64, 57, 54, 52, 52, 51, 47, 45, 44, 35, 34, 34, 32, 29, 28, 26, 25, 25, 20, 20, 20, 18, 18, 18, 17, 17, 17, 17, 17, 15, 15, 14, 13, 13, 13, 13, 13, 12, 12, 12, 12, 11, 11, 11, 10, 10, 10, 10, 9, 9, 8, 8, 8, 8, 8]
24 : 43 => 29 | [82256, 11579, 689, 679, 565, 335, 322, 271, 227, 192, 165, 164, 157, 122, 121, 114, 111, 85, 85, 84, 80, 76, 44, 36, 24, 18, 15, 13, 10]
26 : 30 => 18 | [100767, 1616, 429, 365, 338, 202, 191, 160, 127, 89, 80, 38, 33, 32, 21, 19, 19, 18]
19 : 25 => 16 | [77559, 227, 192, 128, 88, 40, 31, 28, 26, 20, 15, 14, 11, 10, 8, 8]
27 : 38 => 22 | [95094, 1163, 726, 470, 292, 248, 180, 138, 117, 113, 99, 98, 83, 80, 49, 39, 28, 18, 16, 14, 12, 10]
/_predsToRemove/CHASEDB1/0_c00001/ ==> /data/CHASEDB1/targetVessels/1024x1024/all/
colorMode : Grayscale
daMode : ['noDA']
imageToTensor length: 28
('imgName', 'TP', 'FP', 'TN', 'FN', 'DICE')
('1.tif', 66854, 14844, 944680, 22198, 0.7830629575402636)
('10.tif', 91148, 4350, 946271, 6807, 0.9423270768610463)
('11.tif', 82514, 3925, 952588, 9549, 0.924516251918746)
('12.tif', 78114, 4944, 953871, 11647, 0.9039978243132989)
('13.tif', 89478, 5737, 941971, 11390, 0.9126543351539909)
('14.tif', 83904, 4386, 950023, 10263, 0.9197125898156826)
('15.tif', 89094, 6038, 942736, 10708, 0.9140940010465081)
('16.tif', 88331, 6946, 940348, 12951, 0.8987733962830499)
('17.tif', 90805, 8667, 937397, 11707, 0.899130624207858)
('18.tif', 60092, 6540, 973048, 8896, 0.8861819790591359)
('19.tif', 65573, 3149, 967022, 12832, 0.8913795564376356)
('2.tif', 70509, 11605, 940850, 25612, 0.7911914046062782)
('20.tif', 60634, 4897, 973003, 10042, 0.890321349123026)
('21.tif', 90561, 8166, 939151, 10698, 0.9056733971377996)
('22.tif', 92297, 11031, 933863, 11385, 0.8917153760687889)
('23.tif', 88010, 7192, 936743, 16631, 0.8807914212656935)
('24.tif', 87858, 9039, 940898, 10781, 0.8986375910318305)
('25.tif', 95623, 10944, 932803, 9206, 0.9046812617078848)
('26.tif', 90796, 9172, 934860, 13748, 0.8879283367235175)
('27.tif', 89330, 7235, 942254, 9757, 0.9131519228017092)
('28.tif', 89931, 10835, 936154, 11656, 0.8888526485893463)
('3.tif', 75305, 16460, 935021, 21790, 0.797469024674362)
('4.tif', 63153, 6792, 959803, 18828, 0.8313652699340468)
('5.tif', 69599, 12624, 939048, 27305, 0.7770911141257321)
('6.tif', 62826, 10771, 948013, 26966, 0.7690358592071682)
('7.tif', 72980, 7806, 951855, 15935, 0.8601010011726508)
('8.tif', 84042, 11636, 941680, 11218, 0.880306696414543)
('9.tif', 71023, 7821, 949400, 20332, 0.8345877472840616)
('meanDice', 0.874)
/_predsToRemove/CHASEDB1/1/ ==> /_predsToRemove/CHASEDB1/1_c00001/
5 : 98 => 69 | [74832, 4843, 4547, 1691, 1562, 416, 361, 351, 346, 311, 242, 233, 221, 205, 192, 170, 150, 135, 127, 123, 116, 103, 90, 74, 73, 72, 71, 70, 69, 69, 68, 68, 65, 57, 54, 40, 38, 37, 37, 34, 32, 32, 31, 29, 29, 28, 28, 24, 22, 20, 19, 18, 17, 16, 16, 15, 15, 14, 12, 12, 11, 11, 11, 10, 10, 10, 9, 9, 8]
18 : 44 => 35 | [62123, 780, 583, 449, 388, 285, 280, 278, 231, 219, 214, 186, 176, 164, 159, 154, 136, 116, 108, 100, 75, 56, 40, 39, 35, 26, 18, 16, 10, 9, 9, 9, 9, 7, 7]
15 : 29 => 22 | [92126, 1433, 467, 246, 177, 174, 170, 106, 106, 103, 74, 67, 53, 41, 40, 37, 31, 30, 22, 16, 13, 11]
4 : 56 => 42 | [73440, 1753, 1102, 682, 547, 317, 171, 164, 151, 95, 80, 67, 64, 56, 42, 40, 40, 38, 35, 33, 33, 32, 31, 30, 29, 26, 25, 21, 19, 16, 16, 15, 14, 13, 12, 11, 11, 10, 10, 10, 8, 8]
13 : 31 => 25 | [91193, 1205, 729, 483, 421, 383, 281, 270, 169, 164, 157, 154, 149, 143, 92, 90, 82, 76, 67, 65, 46, 27, 16, 11, 10]
9 : 45 => 24 | [81855, 2183, 1121, 884, 740, 525, 517, 125, 119, 77, 72, 53, 41, 41, 38, 29, 24, 23, 20, 18, 12, 10, 10, 10]
12 : 24 => 19 | [85420, 1015, 627, 500, 288, 217, 112, 102, 60, 52, 39, 33, 29, 28, 27, 25, 21, 17, 9]
1 : 88 => 60 | [74140, 1669, 1490, 1283, 1264, 1249, 877, 563, 450, 405, 294, 252, 212, 134, 120, 119, 112, 85, 85, 82, 79, 79, 76, 64, 59, 56, 49, 45, 39, 37, 35, 33, 33, 32, 32, 30, 30, 26, 25, 25, 23, 22, 21, 20, 20, 19, 18, 16, 15, 15, 15, 15, 14, 14, 13, 12, 12, 12, 10, 8]
2 : 92 => 64 | [69662, 10130, 4082, 3514, 778, 653, 479, 405, 403, 322, 227, 219, 217, 208, 204, 152, 150, 117, 110, 99, 98, 96, 89, 76, 65, 59, 47, 47, 47, 47, 43, 42, 40, 35, 34, 34, 32, 29, 29, 29, 26, 26, 24, 24, 22, 22, 21, 21, 20, 20, 18, 18, 15, 13, 11, 11, 10, 9, 8, 8, 7, 7, 7, 7]
11 : 9 => 6 | [87418, 1870, 799, 287, 91, 25]
10 : 24 => 18 | [92448, 502, 499, 397, 205, 168, 138, 134, 110, 108, 85, 59, 34, 28, 28, 23, 16, 10]
14 : 29 => 23 | [86077, 1194, 878, 756, 465, 372, 285, 267, 255, 233, 204, 200, 141, 131, 117, 95, 77, 65, 36, 24, 23, 15, 14]
23 : 38 => 29 | [97799, 325, 299, 292, 291, 277, 258, 222, 222, 160, 148, 133, 130, 126, 89, 75, 66, 55, 50, 45, 44, 34, 32, 31, 18, 17, 13, 12, 10]
16 : 58 => 46 | [87641, 2045, 1618, 903, 859, 449, 375, 320, 307, 280, 278, 224, 221, 187, 164, 123, 113, 109, 89, 81, 75, 74, 67, 66, 65, 64, 56, 56, 47, 45, 43, 39, 36, 24, 24, 23, 23, 20, 19, 16, 16, 13, 13, 12, 11, 10]
22 : 61 => 46 | [89463, 3304, 1679, 1031, 999, 493, 314, 276, 251, 226, 213, 201, 178, 168, 165, 163, 150, 100, 92, 89, 77, 76, 76, 72, 65, 65, 63, 63, 56, 38, 35, 35, 34, 31, 27, 24, 23, 22, 21, 19, 19, 15, 13, 11, 11, 10]
28 : 41 => 31 | [92281, 1723, 1204, 876, 514, 495, 356, 209, 202, 199, 171, 126, 117, 115, 104, 77, 77, 74, 73, 69, 63, 54, 52, 52, 46, 29, 20, 16, 15, 14, 13]
3 : 71 => 48 | [81092, 2116, 1342, 1148, 1014, 760, 745, 684, 603, 263, 259, 248, 192, 188, 135, 113, 108, 99, 99, 94, 94, 83, 80, 79, 76, 72, 69, 63, 63, 60, 47, 43, 39, 33, 27, 26, 25, 24, 24, 23, 18, 17, 16, 15, 13, 13, 11, 10]
21 : 22 => 19 | [95263, 1842, 342, 298, 241, 188, 157, 98, 86, 73, 73, 68, 64, 58, 58, 16, 14, 12, 10]
25 : 38 => 26 | [95225, 2055, 962, 695, 661, 646, 511, 432, 289, 187, 122, 117, 110, 102, 77, 69, 68, 62, 56, 49, 43, 42, 39, 35, 22, 10]
7 : 48 => 33 | [77039, 2302, 1497, 1374, 1318, 913, 434, 391, 378, 312, 304, 257, 208, 147, 136, 130, 128, 96, 46, 44, 27, 27, 24, 22, 20, 15, 14, 14, 13, 12, 11, 11, 10]
8 : 29 => 21 | [85690, 3461, 1110, 530, 262, 194, 165, 91, 85, 81, 72, 72, 59, 47, 46, 40, 36, 26, 20, 12, 10]
17 : 44 => 29 | [91158, 1981, 1469, 908, 827, 578, 310, 305, 221, 174, 146, 128, 123, 83, 69, 67, 66, 65, 64, 57, 54, 47, 39, 34, 29, 23, 14, 14, 11]
20 : 23 => 16 | [66569, 876, 523, 452, 187, 177, 165, 149, 147, 103, 81, 79, 48, 22, 19, 10]
6 : 108 => 82 | [76550, 1346, 709, 548, 472, 449, 241, 217, 214, 190, 171, 145, 135, 120, 114, 107, 103, 98, 90, 79, 74, 73, 68, 67, 63, 60, 59, 58, 57, 55, 45, 44, 43, 42, 41, 41, 39, 38, 33, 32, 32, 29, 28, 27, 27, 27, 27, 26, 25, 25, 24, 23, 23, 20, 20, 19, 18, 18, 18, 17, 16, 15, 14, 14, 14, 13, 13, 13, 12, 12, 11, 11, 11, 11, 10, 9, 9, 9, 9, 8, 8, 8]
24 : 35 => 28 | [93411, 878, 608, 425, 340, 287, 238, 201, 182, 162, 157, 147, 135, 113, 112, 108, 93, 86, 85, 60, 57, 57, 35, 25, 24, 22, 16, 13]
26 : 35 => 26 | [96599, 752, 445, 399, 345, 191, 138, 135, 127, 121, 105, 98, 93, 89, 78, 69, 67, 57, 36, 36, 30, 30, 23, 20, 15, 15]
19 : 27 => 19 | [75241, 407, 318, 239, 212, 190, 151, 151, 72, 58, 46, 37, 35, 31, 25, 19, 13, 9, 9]
27 : 33 => 20 | [93955, 1167, 752, 450, 257, 227, 213, 185, 113, 85, 70, 51, 50, 47, 46, 26, 25, 19, 11, 10]
/_predsToRemove/CHASEDB1/1_c00001/ ==> /data/CHASEDB1/targetVessels/1024x1024/all/
colorMode : Grayscale
daMode : ['noDA']
imageToTensor length: 28
('imgName', 'TP', 'FP', 'TN', 'FN', 'DICE')
('1.tif', 65406, 16292, 946201, 20677, 0.7796591985981726)
('10.tif', 90048, 5450, 948134, 4944, 0.9454354559294451)
('11.tif', 81626, 4813, 953273, 8864, 0.9226978053343432)
('12.tif', 77470, 5588, 954367, 11151, 0.9024982671147899)
('13.tif', 88015, 7200, 944893, 8468, 0.9182672745672882)
('14.tif', 83286, 5004, 951648, 8638, 0.9243011086819004)
('15.tif', 87105, 8027, 945006, 8438, 0.913648878982562)
('16.tif', 86967, 8310, 942923, 10376, 0.9029903436818607)
('17.tif', 89542, 9930, 939582, 9522, 0.902022806946851)
('18.tif', 59019, 7613, 973469, 8475, 0.8800530844131638)
('19.tif', 64503, 4219, 967094, 12760, 0.883693530157208)
('2.tif', 69465, 12649, 942403, 24059, 0.7910019471868275)
('20.tif', 59891, 5640, 973329, 9716, 0.8863680089982092)
('21.tif', 89588, 9139, 940476, 9373, 0.9063574926146251)
('22.tif', 90352, 12976, 935044, 10204, 0.8863079005709129)
('23.tif', 85845, 9357, 937946, 15428, 0.8738516350680748)
('24.tif', 86855, 10042, 940457, 11222, 0.8909393047278099)
('25.tif', 93772, 12795, 933095, 8914, 0.8962547729303761)
('26.tif', 88400, 11568, 936895, 11713, 0.8836421249393995)
('27.tif', 87991, 8574, 942243, 9768, 0.9056112471954056)
('28.tif', 88859, 11907, 937233, 10577, 0.8876934296360676)
('3.tif', 72947, 18818, 937293, 19518, 0.7919122835585952)
('4.tif', 61325, 8620, 960639, 17992, 0.8217094772949579)
('5.tif', 67763, 14460, 941235, 25118, 0.7739743238304093)
('6.tif', 61912, 11685, 953038, 21941, 0.786433788504287)
('7.tif', 72317, 8469, 952433, 15357, 0.8585658316514306)
('8.tif', 82346, 13332, 943135, 9763, 0.8770149158354945)
('9.tif', 69734, 9110, 950919, 18813, 0.8331869694308535)
('meanDice', 0.872)
/_predsToRemove/CHASEDB1/2/ ==> /_predsToRemove/CHASEDB1/2_c00001/
5 : 95 => 68 | [79587, 4938, 1803, 1724, 1116, 617, 484, 332, 322, 259, 242, 166, 152, 139, 139, 136, 92, 91, 86, 80, 79, 75, 65, 58, 56, 55, 47, 44, 43, 42, 40, 39, 34, 32, 32, 31, 30, 26, 26, 24, 24, 23, 23, 22, 22, 21, 20, 19, 19, 19, 19, 18, 18, 17, 14, 13, 12, 12, 10, 10, 10, 10, 9, 8, 8, 8, 8, 8]
18 : 54 => 36 | [62858, 1331, 814, 617, 428, 272, 266, 183, 138, 129, 105, 98, 81, 66, 59, 49, 46, 44, 42, 34, 24, 23, 22, 22, 21, 20, 19, 17, 16, 15, 15, 11, 10, 9, 9, 7]
15 : 43 => 25 | [95233, 333, 272, 233, 197, 176, 174, 102, 101, 95, 92, 89, 63, 51, 48, 35, 35, 30, 25, 19, 13, 13, 11, 11, 11]
4 : 73 => 50 | [74955, 1319, 1011, 590, 340, 235, 135, 133, 104, 96, 86, 75, 72, 71, 70, 69, 65, 54, 40, 39, 39, 37, 37, 31, 29, 29, 28, 27, 26, 23, 22, 20, 19, 18, 16, 13, 12, 12, 12, 10, 10, 10, 9, 9, 9, 9, 9, 8, 8, 8]
13 : 42 => 29 | [91625, 801, 730, 621, 568, 429, 369, 362, 285, 267, 166, 150, 130, 90, 89, 73, 62, 55, 27, 26, 20, 19, 19, 19, 18, 16, 11, 10, 10]
9 : 48 => 26 | [84989, 996, 712, 576, 505, 423, 385, 182, 96, 91, 82, 78, 56, 41, 31, 27, 23, 19, 16, 16, 14, 13, 11, 11, 10, 9]
12 : 29 => 17 | [84829, 992, 340, 323, 259, 195, 136, 119, 64, 64, 54, 43, 43, 34, 30, 14, 10]
1 : 106 => 70 | [80316, 1559, 1061, 597, 289, 249, 227, 207, 204, 129, 113, 108, 108, 101, 101, 86, 80, 77, 62, 62, 62, 57, 56, 54, 53, 51, 45, 42, 36, 36, 35, 34, 34, 32, 31, 30, 28, 27, 26, 26, 26, 25, 24, 23, 22, 22, 21, 21, 21, 20, 20, 19, 19, 17, 15, 14, 14, 14, 14, 13, 13, 12, 10, 10, 10, 10, 9, 9, 9, 9]
2 : 123 => 82 | [74665, 7201, 2302, 1517, 724, 495, 478, 343, 320, 291, 262, 260, 250, 237, 224, 198, 143, 142, 98, 92, 89, 88, 88, 88, 83, 81, 81, 79, 70, 53, 51, 42, 42, 41, 39, 35, 35, 31, 31, 30, 30, 29, 29, 29, 28, 27, 26, 24, 23, 23, 23, 21, 20, 20, 20, 18, 18, 17, 17, 17, 16, 16, 16, 14, 14, 13, 13, 12, 12, 12, 12, 11, 11, 11, 10, 10, 9, 8, 8, 8, 8, 8]
11 : 6 => 4 | [90111, 159, 121, 109]
10 : 18 => 16 | [93048, 566, 554, 235, 209, 177, 148, 140, 139, 118, 99, 95, 56, 15, 14, 10]
14 : 32 => 22 | [87824, 1096, 1075, 446, 348, 268, 234, 215, 199, 195, 150, 141, 128, 122, 80, 70, 30, 28, 24, 10, 9, 9]
23 : 37 => 25 | [98058, 735, 663, 408, 307, 243, 240, 234, 228, 223, 158, 154, 146, 142, 123, 90, 62, 49, 43, 24, 16, 11, 10, 10, 10]
16 : 58 => 32 | [92792, 971, 966, 827, 556, 498, 470, 386, 303, 299, 252, 212, 200, 152, 119, 96, 84, 66, 53, 46, 45, 41, 37, 33, 30, 28, 19, 19, 18, 15, 10, 10]
22 : 56 => 44 | [93736, 1947, 1222, 707, 458, 444, 388, 304, 265, 244, 225, 221, 212, 200, 190, 171, 165, 137, 128, 124, 109, 90, 86, 84, 84, 75, 74, 66, 62, 51, 45, 42, 41, 31, 26, 26, 22, 20, 16, 14, 12, 11, 10, 10]
28 : 40 => 32 | [93961, 1933, 1237, 932, 589, 395, 177, 174, 154, 152, 142, 113, 100, 97, 95, 80, 66, 60, 58, 48, 37, 35, 33, 27, 26, 25, 16, 14, 13, 12, 10, 10]
3 : 71 => 49 | [85665, 977, 737, 725, 599, 561, 483, 399, 297, 193, 158, 156, 149, 131, 129, 122, 108, 79, 72, 62, 61, 54, 48, 46, 45, 43, 42, 39, 39, 33, 32, 30, 28, 26, 26, 19, 19, 18, 17, 17, 16, 14, 13, 12, 10, 10, 9, 9, 9]
21 : 44 => 26 | [95711, 1249, 1031, 367, 303, 204, 134, 118, 97, 91, 43, 38, 36, 29, 24, 20, 20, 19, 18, 18, 15, 14, 12, 12, 10, 10]
25 : 44 => 27 | [98071, 2089, 917, 658, 373, 243, 235, 204, 144, 95, 81, 72, 63, 54, 49, 45, 40, 37, 30, 25, 21, 19, 18, 14, 13, 11, 10]
7 : 50 => 33 | [78148, 2577, 1898, 1125, 839, 761, 387, 365, 334, 332, 290, 266, 176, 143, 110, 103, 90, 58, 50, 33, 22, 22, 21, 19, 17, 16, 14, 14, 14, 13, 11, 9, 8]
8 : 38 => 26 | [88613, 3532, 594, 261, 227, 184, 142, 94, 77, 75, 71, 60, 56, 53, 53, 48, 46, 42, 34, 30, 30, 18, 12, 11, 10, 9]
17 : 46 => 33 | [92812, 2655, 2240, 1533, 590, 251, 205, 178, 121, 120, 116, 106, 103, 84, 74, 69, 67, 64, 61, 52, 46, 45, 33, 30, 28, 27, 19, 16, 16, 16, 13, 11, 10]
20 : 49 => 25 | [65249, 636, 309, 266, 240, 216, 205, 120, 89, 72, 71, 45, 38, 37, 37, 35, 33, 31, 30, 23, 19, 19, 13, 9, 7]
6 : 120 => 82 | [78754, 1493, 767, 446, 431, 429, 417, 411, 244, 232, 212, 171, 167, 163, 159, 108, 91, 82, 76, 72, 71, 63, 60, 58, 56, 55, 55, 52, 47, 46, 46, 45, 44, 44, 44, 41, 41, 40, 35, 35, 33, 31, 30, 30, 29, 29, 28, 27, 22, 21, 21, 21, 18, 18, 17, 17, 16, 16, 15, 15, 15, 14, 13, 12, 12, 11, 11, 11, 10, 10, 10, 10, 10, 10, 9, 9, 9, 9, 8, 8, 8, 8]
24 : 60 => 41 | [92418, 998, 925, 309, 273, 262, 232, 224, 196, 176, 170, 146, 129, 126, 115, 113, 112, 100, 89, 75, 74, 72, 70, 68, 53, 52, 43, 38, 25, 24, 23, 22, 20, 20, 19, 17, 17, 13, 11, 10, 10]
26 : 54 => 31 | [96506, 1328, 1275, 537, 437, 318, 295, 257, 247, 146, 144, 132, 105, 85, 82, 69, 57, 55, 41, 33, 26, 26, 26, 24, 23, 21, 15, 14, 13, 13, 12]
19 : 24 => 16 | [74976, 362, 292, 233, 143, 108, 96, 89, 76, 62, 46, 22, 18, 15, 10, 9]
27 : 32 => 23 | [94550, 1032, 745, 480, 264, 206, 192, 190, 110, 91, 89, 85, 74, 60, 57, 47, 29, 28, 22, 17, 14, 13, 13]
/_predsToRemove/CHASEDB1/2_c00001/ ==> /data/CHASEDB1/targetVessels/1024x1024/all/
colorMode : Grayscale
daMode : ['noDA']
imageToTensor length: 28
('imgName', 'TP', 'FP', 'TN', 'FN', 'DICE')
('1.tif', 66287, 15411, 946149, 20729, 0.7857913391893975)
('10.tif', 90444, 5054, 947899, 5179, 0.9464580030451912)
('11.tif', 82038, 4401, 953675, 8462, 0.927302629719847)
('12.tif', 77017, 6041, 954986, 10532, 0.9028586165866582)
('13.tif', 87192, 8023, 943486, 9875, 0.9069179642400225)
('14.tif', 82941, 5349, 950526, 9760, 0.9165207109745789)
('15.tif', 87306, 7826, 943288, 10156, 0.9066326053771145)
('16.tif', 87389, 7888, 941035, 12264, 0.896619299235623)
('17.tif', 90621, 8851, 937914, 11190, 0.9004337177009484)
('18.tif', 59089, 7543, 973113, 8831, 0.8783072715381414)
('19.tif', 64174, 4548, 967471, 12383, 0.8834587242478266)
('2.tif', 68129, 13985, 942461, 24001, 0.7819953628245448)
('20.tif', 59215, 6316, 974411, 8634, 0.8879142300194932)
('21.tif', 90039, 8688, 940245, 9604, 0.9077884760800524)
('22.tif', 91625, 11703, 934278, 10970, 0.8898957377272088)
('23.tif', 86499, 8703, 937486, 15888, 0.8755446912530556)
('24.tif', 86978, 9919, 940768, 10911, 0.8930621297218486)
('25.tif', 94127, 12440, 932505, 9504, 0.8956031931797639)
('26.tif', 89142, 10826, 935388, 13220, 0.8811545494983443)
('27.tif', 88187, 8378, 941790, 10221, 0.9046073046011499)
('28.tif', 89351, 11415, 936340, 11470, 0.8864758144126358)
('3.tif', 72683, 19082, 936908, 19903, 0.7885284050534036)
('4.tif', 62133, 7812, 960656, 17975, 0.8281473879229339)
('5.tif', 68076, 14147, 940622, 25731, 0.7734590694767938)
('6.tif', 62394, 11203, 950789, 24190, 0.7790437068066749)
('7.tif', 72882, 7904, 952387, 15403, 0.8621466721081675)
('8.tif', 83693, 11985, 942209, 10689, 0.8807008313164264)
('9.tif', 70086, 8758, 950406, 19326, 0.833087675922404)
('meanDice', 0.871)
