/_predsToRemove/CHASEDB1/0/ ==> /_predsToRemove/CHASEDB1/0_c001/
5 : 121 => 3 | [84615, 5007, 1641]
18 : 44 => 1 | [65263]
15 : 32 => 1 | [97908]
4 : 49 => 2 | [78232, 1318]
13 : 22 => 3 | [94781, 1486, 1454]
9 : 47 => 3 | [87368, 1290, 924]
12 : 26 => 2 | [85662, 1113]
1 : 108 => 5 | [78884, 1896, 1603, 1564, 1347]
2 : 97 => 5 | [72763, 10280, 4575, 1528, 839]
11 : 14 => 2 | [90015, 1415]
10 : 17 => 2 | [95615, 970]
14 : 31 => 3 | [89376, 1309, 1085]
23 : 25 => 1 | [101161]
16 : 32 => 3 | [94882, 2231, 1016]
22 : 47 => 1 | [98916]
28 : 54 => 2 | [94386, 1303]
3 : 85 => 2 | [90384, 935]
21 : 30 => 4 | [91519, 4635, 1425, 1319]
25 : 30 => 3 | [98837, 2089, 1091]
7 : 33 => 5 | [80246, 1859, 1449, 1302, 1043]
8 : 49 => 2 | [91792, 1133]
17 : 40 => 3 | [94058, 2337, 1679]
20 : 46 => 2 | [68296, 852]
6 : 139 => 3 | [79969, 1345, 898]
24 : 43 => 2 | [82256, 11579]
26 : 30 => 2 | [100767, 1616]
19 : 25 => 1 | [77559]
27 : 38 => 2 | [95094, 1163]
/_predsToRemove/CHASEDB1/0_c001/ ==> /data/CHASEDB1/targetVessels/1024x1024/all/
colorMode : Grayscale
daMode : ['noDA']
imageToTensor length: 28
('imgName', 'TP', 'FP', 'TN', 'FN', 'DICE')
('1.tif', 65362, 16336, 946946, 19932, 0.78281594327872)
('10.tif', 90111, 5387, 946604, 6474, 0.9382506520618691)
('11.tif', 82081, 4358, 952788, 9349, 0.922937667609308)
('12.tif', 75992, 7066, 954735, 10783, 0.8949026396518933)
('13.tif', 87244, 7971, 942884, 10477, 0.9043828005141601)
('14.tif', 82288, 6002, 950804, 9482, 0.9140064422970121)
('15.tif', 87750, 7382, 943286, 10158, 0.9091380024865313)
('16.tif', 86166, 9111, 941336, 11963, 0.8910375065923498)
('17.tif', 87707, 11765, 938737, 10367, 0.887965334656232)
('18.tif', 57407, 9225, 974088, 7856, 0.870495469881345)
('19.tif', 65074, 3648, 967369, 12485, 0.8897122661179511)
('2.tif', 67810, 14304, 944287, 22175, 0.7880347939267515)
('20.tif', 59867, 5664, 973764, 9281, 0.8890324400983078)
('21.tif', 88939, 9788, 939890, 9959, 0.9000784313725491)
('22.tif', 88767, 14561, 935099, 10149, 0.8778208500623009)
('23.tif', 85370, 9832, 937583, 15791, 0.8695120771224721)
('24.tif', 84585, 12312, 942429, 9250, 0.8869513243713693)
('25.tif', 93696, 12871, 933688, 8321, 0.8984006443447244)
('26.tif', 89265, 10703, 935490, 13118, 0.8822788125583763)
('27.tif', 87342, 9223, 943096, 8915, 0.9059339701901236)
('28.tif', 85998, 14768, 938119, 9691, 0.8754982056959609)
('3.tif', 71640, 20125, 937132, 19679, 0.7825915972996002)
('4.tif', 62072, 7873, 961153, 17478, 0.8304224221545871)
('5.tif', 66896, 15327, 941986, 24367, 0.7711976758931557)
('6.tif', 60536, 13061, 953303, 21676, 0.7770539570884866)
('7.tif', 71024, 9762, 952915, 14875, 0.8521942586315505)
('8.tif', 82612, 13066, 942585, 10313, 0.8760412082522547)
('9.tif', 69984, 8860, 950134, 19598, 0.8310355883295928)
('meanDice', 0.868)
/_predsToRemove/CHASEDB1/1/ ==> /_predsToRemove/CHASEDB1/1_c001/
5 : 98 => 5 | [74832, 4843, 4547, 1691, 1562]
18 : 44 => 2 | [62123, 780]
15 : 29 => 2 | [92126, 1433]
4 : 56 => 3 | [73440, 1753, 1102]
13 : 31 => 2 | [91193, 1205]
9 : 45 => 4 | [81855, 2183, 1121, 884]
12 : 24 => 2 | [85420, 1015]
1 : 88 => 7 | [74140, 1669, 1490, 1283, 1264, 1249, 877]
2 : 92 => 5 | [69662, 10130, 4082, 3514, 778]
11 : 9 => 2 | [87418, 1870]
10 : 24 => 1 | [92448]
14 : 29 => 3 | [86077, 1194, 878]
23 : 38 => 1 | [97799]
16 : 58 => 4 | [87641, 2045, 1618, 903]
22 : 61 => 5 | [89463, 3304, 1679, 1031, 999]
28 : 41 => 3 | [92281, 1723, 1204]
3 : 71 => 5 | [81092, 2116, 1342, 1148, 1014]
21 : 22 => 2 | [95263, 1842]
25 : 38 => 3 | [95225, 2055, 962]
7 : 48 => 6 | [77039, 2302, 1497, 1374, 1318, 913]
8 : 29 => 3 | [85690, 3461, 1110]
17 : 44 => 3 | [91158, 1981, 1469]
20 : 23 => 2 | [66569, 876]
6 : 108 => 2 | [76550, 1346]
24 : 35 => 1 | [93411]
26 : 35 => 1 | [96599]
19 : 27 => 1 | [75241]
27 : 33 => 2 | [93955, 1167]
/_predsToRemove/CHASEDB1/1_c001/ ==> /data/CHASEDB1/targetVessels/1024x1024/all/
colorMode : Grayscale
daMode : ['noDA']
imageToTensor length: 28
('imgName', 'TP', 'FP', 'TN', 'FN', 'DICE')
('1.tif', 63359, 18339, 948265, 18613, 0.7742286307814504)
('10.tif', 87871, 7627, 948501, 4577, 0.9350664552584252)
('11.tif', 80560, 5879, 953409, 8728, 0.9168767463167299)
('12.tif', 75650, 7408, 954733, 10785, 0.8926622338385656)
('13.tif', 84695, 10520, 945658, 7703, 0.9028692041596265)
('14.tif', 80189, 8101, 952326, 7960, 0.9089713725423517)
('15.tif', 85489, 9643, 945374, 8070, 0.9061269482911215)
('16.tif', 82903, 12374, 943995, 9304, 0.8843741332593714)
('17.tif', 85867, 13605, 940363, 8741, 0.8848619126133553)
('18.tif', 55179, 11453, 974220, 7724, 0.8519550700582854)
('19.tif', 62876, 5846, 967489, 12365, 0.873502219320242)
('2.tif', 66673, 15441, 944969, 21493, 0.7830984261216819)
('20.tif', 58289, 7242, 973889, 9156, 0.876684514498857)
('21.tif', 88217, 10510, 940961, 8888, 0.9009457085665264)
('22.tif', 87174, 16154, 935946, 9302, 0.8725951432403756)
('23.tif', 83037, 12165, 938612, 14762, 0.8604825881731183)
('24.tif', 83280, 13617, 941548, 10131, 0.8752128129138029)
('25.tif', 90308, 16259, 934075, 7934, 0.8818753082139945)
('26.tif', 85445, 14523, 937454, 11154, 0.8693727838345195)
('27.tif', 86081, 10484, 942970, 9041, 0.8981412406683813)
('28.tif', 85583, 15183, 938185, 9625, 0.8734117791135558)
('3.tif', 69053, 22712, 939152, 17659, 0.77380278691372)
('4.tif', 59685, 10260, 962021, 16610, 0.8162609409190372)
('5.tif', 64785, 17438, 943663, 22690, 0.7635328642647526)
('6.tif', 60044, 13553, 957127, 17852, 0.7926966922564079)
('7.tif', 70235, 10551, 953582, 14208, 0.8501534234305116)
('8.tif', 80934, 14744, 943571, 9327, 0.8705435653628341)
('9.tif', 67912, 10932, 951601, 18131, 0.8237398945944798)
('meanDice', 0.861)
/_predsToRemove/CHASEDB1/2/ ==> /_predsToRemove/CHASEDB1/2_c001/
5 : 95 => 5 | [79587, 4938, 1803, 1724, 1116]
18 : 54 => 3 | [62858, 1331, 814]
15 : 43 => 1 | [95233]
4 : 73 => 3 | [74955, 1319, 1011]
13 : 42 => 1 | [91625]
9 : 48 => 2 | [84989, 996]
12 : 29 => 2 | [84829, 992]
1 : 106 => 3 | [80316, 1559, 1061]
2 : 123 => 4 | [74665, 7201, 2302, 1517]
11 : 6 => 1 | [90111]
10 : 18 => 1 | [93048]
14 : 32 => 3 | [87824, 1096, 1075]
23 : 37 => 1 | [98058]
16 : 58 => 3 | [92792, 971, 966]
22 : 56 => 3 | [93736, 1947, 1222]
28 : 40 => 3 | [93961, 1933, 1237]
3 : 71 => 2 | [85665, 977]
21 : 44 => 3 | [95711, 1249, 1031]
25 : 44 => 2 | [98071, 2089]
7 : 50 => 5 | [78148, 2577, 1898, 1125, 839]
8 : 38 => 2 | [88613, 3532]
17 : 46 => 4 | [92812, 2655, 2240, 1533]
20 : 49 => 1 | [65249]
6 : 120 => 2 | [78754, 1493]
24 : 60 => 3 | [92418, 998, 925]
26 : 54 => 3 | [96506, 1328, 1275]
19 : 24 => 1 | [74976]
27 : 32 => 2 | [94550, 1032]
/_predsToRemove/CHASEDB1/2_c001/ ==> /data/CHASEDB1/targetVessels/1024x1024/all/
colorMode : Grayscale
daMode : ['noDA']
imageToTensor length: 28
('imgName', 'TP', 'FP', 'TN', 'FN', 'DICE')
('1.tif', 64430, 17268, 948372, 18506, 0.782705880923746)
('10.tif', 88205, 7293, 948235, 4843, 0.9356337445504015)
('11.tif', 81688, 4751, 953714, 8423, 0.925380911922968)
('12.tif', 75648, 7410, 955345, 10173, 0.8958840353152256)
('13.tif', 82794, 12421, 944530, 8831, 0.8862556197816314)
('14.tif', 80899, 7391, 951190, 9096, 0.9075244692486749)
('15.tif', 85689, 9443, 943900, 9544, 0.900260026790639)
('16.tif', 83547, 11730, 942117, 11182, 0.8794143342841805)
('17.tif', 88724, 10748, 938588, 10516, 0.8929908611457789)
('18.tif', 57042, 9590, 973983, 7961, 0.8666691989212596)
('19.tif', 62904, 5818, 967782, 12072, 0.8755027905746775)
('2.tif', 64816, 17298, 945593, 20869, 0.7725433405443417)
('20.tif', 57112, 8419, 974908, 8137, 0.8734057195289799)
('21.tif', 88883, 9844, 940741, 9108, 0.9036590449272562)
('22.tif', 87511, 15817, 935854, 9394, 0.8740916831890847)
('23.tif', 83103, 12099, 938419, 14955, 0.8600124185035704)
('24.tif', 84375, 12522, 941713, 9966, 0.8824083079722649)
('25.tif', 91724, 14843, 933573, 8436, 0.8873925515293116)
('26.tif', 86534, 13434, 936033, 12575, 0.8693520597557729)
('27.tif', 86302, 10263, 942731, 9280, 0.8982914123041214)
('28.tif', 86635, 14131, 937314, 10496, 0.8755564763488077)
('3.tif', 68511, 23254, 938680, 18131, 0.7680304023945249)
('4.tif', 60706, 9239, 962052, 16579, 0.8246417170413638)
('5.tif', 65899, 16324, 943084, 23269, 0.7689902036863079)
('6.tif', 60261, 13336, 954993, 19986, 0.7834039676555472)
('7.tif', 70355, 10431, 953558, 14232, 0.850864409546903)
('8.tif', 82288, 13390, 943041, 9857, 0.8762292158042412)
('9.tif', 67529, 11315, 951276, 18456, 0.8193825115725994)
('meanDice', 0.862)
