/_predsToRemove/CHASEDB1/0/ ==> /data/CHASEDB1/targetVessels/1024x1024/all/
colorMode : Grayscale
daMode : ['noDA']
imageToTensor length: 28
('imgName', 'TP', 'FP', 'TN', 'FN', 'DICE')
('1.tif', 66877, 14821, 944569, 22309, 0.7827181011680439)
('10.tif', 91148, 4350, 946242, 6836, 0.9421858364085548)
('11.tif', 82514, 3925, 952568, 9569, 0.9244126774291124)
('12.tif', 78126, 4932, 953857, 11661, 0.9040006942636466)
('13.tif', 89478, 5737, 941935, 11426, 0.9124868064797393)
('14.tif', 83904, 4386, 949995, 10291, 0.9195714716278051)
('15.tif', 89098, 6034, 942700, 10744, 0.9139475006924)
('16.tif', 88331, 6946, 940289, 13010, 0.8985036975251502)
('17.tif', 90824, 8648, 937378, 11726, 0.8991495975685816)
('18.tif', 60098, 6534, 973023, 8921, 0.8860679243057552)
('19.tif', 65573, 3149, 966994, 12860, 0.8912099486935544)
('2.tif', 70514, 11600, 940786, 25676, 0.7909413137114142)
('20.tif', 60634, 4897, 972963, 10082, 0.8900599646230742)
('21.tif', 90569, 8158, 939113, 10736, 0.9055451127819549)
('22.tif', 92323, 11005, 933801, 11447, 0.8915875575814349)
('23.tif', 88015, 7187, 936729, 16645, 0.8807577228287519)
('24.tif', 87860, 9037, 940846, 10833, 0.8984099391584437)
('25.tif', 95627, 10940, 932777, 9232, 0.9045907315088967)
('26.tif', 90810, 9158, 934824, 13784, 0.8878481829469794)
('27.tif', 89343, 7222, 942197, 9814, 0.9129581753711897)
('28.tif', 89945, 10821, 936117, 11693, 0.8887670204146163)
('3.tif', 75337, 16428, 934910, 21901, 0.7972042771807855)
('4.tif', 63155, 6790, 959760, 18871, 0.8311454159017181)
('5.tif', 69631, 12592, 938951, 27402, 0.776888918641496)
('6.tif', 62839, 10758, 947856, 27123, 0.7683955025403677)
('7.tif', 72987, 7799, 951832, 15958, 0.8600314615479788)
('8.tif', 84044, 11634, 941607, 11291, 0.879981990754556)
('9.tif', 71023, 7821, 949350, 20382, 0.8343426393106568)
('meanDice', 0.874)
/_predsToRemove/CHASEDB1/1/ ==> /data/CHASEDB1/targetVessels/1024x1024/all/
colorMode : Grayscale
daMode : ['noDA']
imageToTensor length: 28
('imgName', 'TP', 'FP', 'TN', 'FN', 'DICE')
('1.tif', 65430, 16268, 946136, 20742, 0.7795317805444689)
('10.tif', 90057, 5441, 948117, 4961, 0.9454009112095572)
('11.tif', 81626, 4813, 953266, 8871, 0.922661301261473)
('12.tif', 77479, 5579, 954353, 11165, 0.9024822075456314)
('13.tif', 88024, 7191, 944877, 8484, 0.9182414212170684)
('14.tif', 83289, 5001, 951640, 8646, 0.9242779858510196)
('15.tif', 87117, 8015, 944988, 8456, 0.9136310007603367)
('16.tif', 86984, 8293, 942908, 10391, 0.9030168386520773)
('17.tif', 89576, 9896, 939564, 9540, 0.9021290309585674)
('18.tif', 59044, 7588, 973465, 8479, 0.880235548432783)
('19.tif', 64512, 4210, 967078, 12776, 0.8836655023628519)
('2.tif', 69480, 12634, 942336, 24126, 0.7908035511040291)
('20.tif', 59894, 5637, 973319, 9726, 0.8863271451931544)
('21.tif', 89589, 9138, 940467, 9382, 0.9063217634978604)
('22.tif', 90392, 12936, 935018, 10230, 0.8864133366021084)
('23.tif', 85863, 9339, 937922, 15452, 0.8738480640351726)
('24.tif', 86866, 10031, 940440, 11239, 0.8909241956492754)
('25.tif', 93804, 12763, 933078, 8931, 0.8963507276566874)
('26.tif', 88415, 11553, 936878, 11730, 0.8836507373334066)
('27.tif', 88000, 8565, 942211, 9800, 0.9055128238108713)
('28.tif', 88873, 11893, 937212, 10598, 0.887678101449782)
('3.tif', 72984, 18781, 937241, 19570, 0.7919313798360451)
('4.tif', 61350, 8595, 960610, 18021, 0.8217471670818934)
('5.tif', 67803, 14420, 941181, 25172, 0.7740156851105606)
('6.tif', 61927, 11670, 952964, 22015, 0.7861799300490672)
('7.tif', 72342, 8444, 952406, 15384, 0.8585976072920622)
('8.tif', 82350, 13328, 943104, 9794, 0.8768940805656419)
('9.tif', 69748, 9096, 950878, 18854, 0.8330805155094777)
('meanDice', 0.872)
/_predsToRemove/CHASEDB1/2/ ==> /data/CHASEDB1/targetVessels/1024x1024/all/
colorMode : Grayscale
daMode : ['noDA']
imageToTensor length: 28
('imgName', 'TP', 'FP', 'TN', 'FN', 'DICE')
('1.tif', 66320, 15378, 946046, 20832, 0.7855493041160794)
('10.tif', 90444, 5054, 947897, 5181, 0.9464480988682681)
('11.tif', 82038, 4401, 953671, 8466, 0.9272816669775013)
('12.tif', 77037, 6021, 954961, 10557, 0.9028549328457914)
('13.tif', 87210, 8005, 943445, 9916, 0.9068269375744121)
('14.tif', 82948, 5342, 950507, 9779, 0.9164664092322821)
('15.tif', 87335, 7797, 943239, 10205, 0.9065666002325196)
('16.tif', 87401, 7876, 940951, 12348, 0.8963010060197102)
('17.tif', 90636, 8836, 937890, 11214, 0.9004083011295337)
('18.tif', 59104, 7528, 973078, 8866, 0.8782038899867758)
('19.tif', 64186, 4536, 967450, 12404, 0.8834232547896939)
('2.tif', 68154, 13960, 942357, 24105, 0.7817035894318501)
('20.tif', 59231, 6300, 974356, 8689, 0.8876816209694944)
('21.tif', 90044, 8683, 940180, 9669, 0.9075186454343882)
('22.tif', 91637, 11691, 934243, 11005, 0.8898091955139098)
('23.tif', 86512, 8690, 937440, 15934, 0.8754148789767667)
('24.tif', 87016, 9881, 940740, 10939, 0.8931496725720034)
('25.tif', 94145, 12422, 932464, 9545, 0.895523097923018)
('26.tif', 89176, 10792, 935323, 13285, 0.8810595319840536)
('27.tif', 88190, 8375, 941758, 10253, 0.9044757138168691)
('28.tif', 89351, 11415, 936324, 11486, 0.8864054602362068)
('3.tif', 72710, 19055, 936845, 19966, 0.7884364105594743)
('4.tif', 62149, 7796, 960594, 18037, 0.8279302742271749)
('5.tif', 68104, 14119, 940553, 25800, 0.7733510478234455)
('6.tif', 62410, 11187, 950670, 24309, 0.7785872901020484)
('7.tif', 72886, 7900, 952336, 15454, 0.8619136028759623)
('8.tif', 83698, 11980, 942167, 10731, 0.8805356983172634)
('9.tif', 70109, 8735, 950344, 19388, 0.8329402819277538)
('meanDice', 0.871)
