/_predsToRemove/LESAV/0/ ==> /_predsToRemove/LESAV/0_c00005/
33 : 48 => 22 | [81195, 2878, 2550, 1217, 939, 876, 581, 257, 240, 213, 169, 143, 121, 113, 112, 80, 79, 73, 58, 55, 50, 46]
15 : 55 => 24 | [66036, 2298, 1196, 881, 748, 491, 258, 250, 182, 152, 140, 136, 94, 90, 88, 65, 63, 63, 60, 54, 53, 51, 49, 38]
34 : 49 => 18 | [84585, 1580, 749, 619, 597, 480, 451, 404, 344, 292, 208, 203, 176, 165, 141, 117, 74, 52]
12 : 29 => 14 | [74773, 682, 352, 276, 272, 221, 149, 145, 111, 85, 73, 62, 57, 57]
318 : 23 => 13 | [71947, 723, 632, 574, 360, 283, 150, 123, 89, 85, 70, 52, 49]
367 : 26 => 10 | [68541, 1351, 1214, 612, 450, 198, 60, 56, 40, 37]
53 : 24 => 13 | [87547, 2033, 653, 589, 494, 431, 413, 348, 194, 166, 119, 103, 44]
49 : 45 => 19 | [80858, 796, 494, 429, 351, 275, 250, 249, 231, 221, 214, 214, 190, 172, 172, 167, 74, 64, 49]
370 : 21 => 11 | [48544, 15039, 1050, 539, 475, 314, 310, 119, 51, 37, 31]
529 : 35 => 13 | [67138, 1330, 898, 894, 606, 292, 98, 91, 79, 70, 64, 50, 41]
119 : 18 => 10 | [63234, 1238, 1221, 400, 294, 185, 134, 133, 46, 35]
37 : 41 => 15 | [88008, 6637, 2609, 1365, 1314, 561, 481, 293, 287, 279, 157, 101, 86, 67, 65]
224 : 23 => 11 | [97056, 1464, 624, 365, 266, 187, 136, 118, 106, 82, 73]
304 : 19 => 6 | [51042, 1490, 251, 107, 76, 26]
279 : 23 => 10 | [90591, 884, 668, 582, 316, 311, 140, 100, 79, 49]
111 : 22 => 12 | [55930, 2902, 849, 411, 200, 169, 127, 104, 83, 81, 74, 29]
486 : 35 => 11 | [65262, 1472, 935, 702, 702, 323, 129, 94, 69, 66, 59]
275 : 15 => 7 | [75699, 988, 626, 593, 399, 209, 129]
240 : 19 => 10 | [71357, 1477, 1284, 486, 346, 249, 219, 169, 143, 53]
42 : 32 => 21 | [74112, 2329, 848, 571, 537, 520, 378, 374, 348, 336, 291, 237, 223, 194, 156, 135, 102, 92, 87, 82, 73]
586 : 35 => 13 | [78537, 5004, 1406, 908, 445, 440, 285, 257, 238, 152, 53, 48, 45]
90 : 26 => 10 | [79059, 640, 570, 311, 182, 142, 140, 137, 97, 42]
/_predsToRemove/LESAV/0_c00005/ ==> /data/LESAV/targetVessels/1024x1024/all/
colorMode : Grayscale
daMode : ['noDA']
imageToTensor length: 22
('imgName', 'TP', 'FP', 'TN', 'FN', 'DICE')
('111.tif', 55731, 7755, 979862, 5228, 0.8956727871750573)
('119.tif', 58367, 5205, 976451, 8553, 0.8945682493945989)
('12.tif', 68393, 9874, 961387, 8922, 0.8791891092799938)
('15.tif', 62452, 13931, 961109, 11084, 0.8331432306778994)
('224.tif', 89674, 7984, 940115, 10803, 0.9051808110631641)
('240.tif', 66585, 4315, 968478, 9198, 0.907876168335799)
('275.tif', 69983, 5197, 964736, 8660, 0.9099159423493236)
('279.tif', 83645, 8128, 946728, 10075, 0.9018669168108769)
('304.tif', 45872, 3929, 991655, 7120, 0.8925121360403918)
('318.tif', 65063, 5994, 967445, 10074, 0.8900912486148542)
('33.tif', 82436, 20802, 935729, 9609, 0.8442721588668752)
('34.tif', 74724, 14179, 943160, 16513, 0.8296214055734429)
('367.tif', 64595, 6611, 969406, 7964, 0.8986192745104858)
('37.tif', 92798, 17955, 928311, 9512, 0.8710850781224333)
('370.tif', 55642, 4353, 977714, 10867, 0.8796875988111048)
('42.tif', 72854, 7051, 959500, 9171, 0.8998209102698697)
('486.tif', 60422, 6306, 972457, 9391, 0.8850381936561179)
('49.tif', 77016, 11763, 951343, 8454, 0.8839763786305804)
('529.tif', 62093, 8329, 968596, 9558, 0.8740999345406939)
('53.tif', 82792, 11936, 943506, 10342, 0.8814129520605551)
('586.tif', 76926, 9530, 951228, 10892, 0.8828167139102792)
('90.tif', 70097, 12560, 954696, 11223, 0.8549613665331114)
('meanDice', 0.882)
/_predsToRemove/LESAV/1/ ==> /_predsToRemove/LESAV/1_c00005/
33 : 52 => 24 | [75607, 3319, 3043, 2391, 1177, 880, 801, 663, 553, 276, 240, 214, 185, 164, 152, 82, 82, 54, 52, 44, 42, 39, 39, 38]
15 : 51 => 16 | [69299, 1618, 396, 383, 340, 283, 262, 226, 181, 180, 148, 112, 98, 94, 61, 38]
34 : 36 => 18 | [84577, 696, 519, 438, 416, 348, 344, 300, 218, 212, 187, 120, 101, 98, 82, 71, 60, 46]
12 : 41 => 16 | [71391, 1050, 653, 452, 403, 306, 266, 227, 199, 158, 135, 79, 75, 55, 50, 40]
318 : 17 => 10 | [70781, 903, 764, 709, 274, 191, 136, 122, 114, 67]
367 : 12 => 9 | [65786, 1386, 939, 520, 478, 472, 292, 82, 41]
53 : 23 => 13 | [85010, 2021, 452, 439, 439, 372, 211, 195, 128, 99, 82, 54, 47]
49 : 32 => 17 | [77957, 2576, 1076, 520, 451, 363, 323, 314, 243, 240, 229, 227, 209, 203, 154, 119, 47]
370 : 20 => 13 | [46272, 14262, 1621, 989, 498, 380, 301, 277, 196, 178, 129, 55, 26]
529 : 48 => 14 | [60511, 7298, 1656, 1242, 1118, 689, 573, 412, 261, 201, 105, 76, 61, 51]
119 : 17 => 11 | [61325, 1490, 1052, 441, 228, 200, 190, 172, 60, 46, 31]
37 : 31 => 14 | [89977, 2998, 2347, 1257, 646, 486, 362, 341, 333, 275, 268, 121, 79, 48]
224 : 16 => 10 | [94325, 1269, 771, 609, 524, 319, 317, 145, 123, 99]
304 : 12 => 3 | [51352, 1103, 92]
279 : 19 => 11 | [87214, 826, 580, 535, 528, 167, 136, 126, 120, 84, 84]
111 : 10 => 4 | [56813, 2842, 921, 464]
486 : 22 => 14 | [62455, 1391, 1088, 992, 809, 787, 634, 568, 394, 239, 178, 117, 100, 56]
275 : 20 => 11 | [73292, 1007, 701, 650, 494, 312, 291, 259, 177, 95, 85]
240 : 18 => 9 | [70185, 1363, 1202, 418, 216, 174, 152, 117, 111]
42 : 24 => 15 | [72187, 2323, 2227, 626, 479, 465, 288, 284, 207, 206, 192, 153, 118, 117, 57]
586 : 33 => 17 | [73343, 4475, 2368, 1301, 813, 606, 588, 391, 263, 241, 221, 204, 155, 136, 64, 55, 46]
90 : 18 => 6 | [79716, 857, 233, 90, 80, 77]
/_predsToRemove/LESAV/1_c00005/ ==> /data/LESAV/targetVessels/1024x1024/all/
colorMode : Grayscale
daMode : ['noDA']
imageToTensor length: 22
('imgName', 'TP', 'FP', 'TN', 'FN', 'DICE')
('111.tif', 56287, 7199, 980337, 4753, 0.9040200440068741)
('119.tif', 58414, 5158, 978183, 6821, 0.9070003959412144)
('12.tif', 67971, 10296, 962741, 7568, 0.883853685811997)
('15.tif', 62654, 13729, 961128, 11065, 0.8348189897536342)
('224.tif', 89756, 7902, 942173, 8745, 0.9151351709582533)
('240.tif', 66433, 4467, 970171, 7505, 0.9173421339703669)
('275.tif', 69984, 5196, 966017, 7379, 0.9175642277915079)
('279.tif', 83040, 8733, 949443, 7360, 0.911660893765816)
('304.tif', 46220, 3581, 992448, 6327, 0.9031930277093837)
('318.tif', 65573, 5484, 969031, 8488, 0.9037197315288248)
('33.tif', 81350, 21888, 936551, 8787, 0.8413703943115708)
('34.tif', 74183, 14720, 945023, 14650, 0.8347549174055903)
('367.tif', 64520, 6686, 971894, 5476, 0.9138680755230096)
('37.tif', 91835, 18918, 930120, 7703, 0.8734087526332558)
('370.tif', 55971, 4024, 979368, 9213, 0.8942554262296392)
('42.tif', 72286, 7619, 961028, 7643, 0.9045134326864122)
('486.tif', 60548, 6180, 972588, 9260, 0.8869162711665788)
('49.tif', 77053, 11726, 951599, 8198, 0.8855139918404873)
('529.tif', 62733, 7689, 966633, 11521, 0.8672205479830795)
('53.tif', 81284, 13444, 945583, 8265, 0.8821936541185281)
('586.tif', 76704, 9752, 953554, 8566, 0.893330072324517)
('90.tif', 70600, 12057, 955466, 10453, 0.8625007635452935)
('meanDice', 0.888)
/_predsToRemove/LESAV/2/ ==> /_predsToRemove/LESAV/2_c00005/
33 : 37 => 19 | [85562, 2608, 1211, 965, 567, 298, 292, 219, 183, 165, 124, 102, 96, 74, 73, 66, 61, 52, 43]
15 : 39 => 22 | [65261, 3385, 1806, 1095, 304, 295, 283, 279, 251, 221, 201, 196, 186, 134, 115, 92, 84, 70, 60, 55, 55, 36]
34 : 47 => 16 | [83642, 1730, 739, 501, 473, 463, 334, 323, 286, 168, 166, 147, 143, 74, 66, 46]
12 : 26 => 10 | [72352, 1088, 780, 589, 255, 167, 71, 67, 51, 50]
318 : 14 => 9 | [72009, 671, 632, 551, 295, 269, 208, 87, 42]
367 : 13 => 9 | [67796, 1332, 1138, 546, 539, 147, 74, 67, 65]
53 : 23 => 12 | [89718, 579, 477, 431, 166, 154, 148, 139, 94, 62, 59, 53]
49 : 22 => 13 | [81057, 2544, 505, 390, 374, 300, 219, 156, 125, 84, 83, 78, 74]
370 : 28 => 14 | [46113, 14826, 1176, 1007, 708, 504, 455, 318, 273, 174, 116, 46, 42, 30]
529 : 40 => 19 | [58812, 6238, 1683, 1402, 1390, 1345, 1174, 666, 267, 257, 214, 192, 181, 135, 102, 96, 77, 69, 43]
119 : 18 => 11 | [57125, 2458, 1814, 1634, 1189, 267, 166, 144, 143, 132, 76]
37 : 21 => 8 | [95328, 4725, 391, 347, 319, 215, 164, 74]
224 : 19 => 15 | [91400, 1324, 611, 543, 501, 322, 307, 148, 143, 140, 112, 110, 72, 71, 62]
304 : 13 => 6 | [49773, 1213, 283, 193, 162, 57]
279 : 16 => 9 | [88824, 718, 492, 415, 352, 166, 139, 101, 97]
111 : 12 => 10 | [53215, 3494, 2853, 951, 482, 232, 150, 148, 98, 38]
486 : 20 => 11 | [68020, 807, 804, 794, 243, 174, 146, 77, 48, 46, 43]
275 : 15 => 11 | [75799, 594, 501, 311, 297, 170, 167, 151, 89, 82, 55]
240 : 15 => 12 | [68858, 1289, 1250, 615, 435, 147, 124, 100, 98, 91, 77, 65]
42 : 20 => 14 | [74624, 2377, 1922, 843, 526, 370, 290, 236, 218, 174, 158, 143, 127, 95]
586 : 30 => 15 | [80064, 4880, 951, 426, 354, 336, 308, 264, 241, 193, 117, 102, 89, 65, 64]
90 : 15 => 7 | [78553, 688, 470, 351, 340, 97, 78]
/_predsToRemove/LESAV/2_c00005/ ==> /data/LESAV/targetVessels/1024x1024/all/
colorMode : Grayscale
daMode : ['noDA']
imageToTensor length: 22
('imgName', 'TP', 'FP', 'TN', 'FN', 'DICE')
('111.tif', 55859, 7627, 979288, 5802, 0.8926941916306423)
('119.tif', 57822, 5750, 977678, 7326, 0.8984151646985705)
('12.tif', 68086, 10181, 962925, 7384, 0.8857464370971204)
('15.tif', 63123, 13260, 960852, 11341, 0.8369142243465233)
('224.tif', 87744, 9914, 942796, 8122, 0.9068022570843927)
('240.tif', 65767, 5133, 970294, 7382, 0.9131198411651591)
('275.tif', 70083, 5097, 965263, 8133, 0.9137526402252992)
('279.tif', 83159, 8614, 948658, 8145, 0.9084592821599655)
('304.tif', 45457, 4344, 992551, 6224, 0.8958633058079265)
('318.tif', 65503, 5554, 968258, 9261, 0.8984028363541602)
('33.tif', 83871, 19367, 936448, 8890, 0.8558308970964138)
('34.tif', 74542, 14361, 944914, 14759, 0.8365917712284797)
('367.tif', 64955, 6251, 970621, 6749, 0.9090336575467077)
('37.tif', 93165, 17588, 929425, 8398, 0.8776069632057876)
('370.tif', 55945, 4050, 978738, 9843, 0.889547872128984)
('42.tif', 73163, 6742, 959731, 8940, 0.9032023109969878)
('486.tif', 60892, 5836, 971538, 10310, 0.8829406220546654)
('49.tif', 76777, 12002, 950585, 9212, 0.8786162226494553)
('529.tif', 62404, 8018, 966215, 11939, 0.8621420923565779)
('53.tif', 82386, 12342, 944154, 9694, 0.8820393130915164)
('586.tif', 77903, 8553, 951569, 10551, 0.8907781144588646)
('90.tif', 70336, 12321, 955678, 10241, 0.8617812465540268)
('meanDice', 0.885)
