/_predsToRemove/LESAV/0/ ==> /data/LESAV/targetVessels/1024x1024/all/
colorMode : Grayscale
daMode : ['noDA']
imageToTensor length: 22
('imgName', 'TP', 'FP', 'TN', 'FN', 'DICE')
('111.tif', 55772, 7714, 979832, 5258, 0.8958206174306916)
('119.tif', 58367, 5205, 976409, 8595, 0.8942804173625263)
('12.tif', 68426, 9841, 961247, 9062, 0.8786363198613206)
('15.tif', 62537, 13846, 960924, 11269, 0.8327773671840148)
('224.tif', 89700, 7958, 940088, 10830, 0.9052011221668315)
('240.tif', 66617, 4283, 968450, 9226, 0.9079410942941061)
('275.tif', 70011, 5169, 964675, 8721, 0.9097536254483082)
('279.tif', 83694, 8079, 946700, 10103, 0.9020208007759875)
('304.tif', 45885, 3916, 991603, 7172, 0.8922008983258473)
('318.tif', 65083, 5974, 967382, 10137, 0.8898596498424223)
('33.tif', 82597, 20641, 935574, 9764, 0.8445544200123722)
('34.tif', 74889, 14014, 942954, 16719, 0.8297444477067879)
('367.tif', 64603, 6603, 969289, 8081, 0.8979498227812913)
('37.tif', 92878, 17875, 928189, 9634, 0.8710102454692519)
('370.tif', 55642, 4353, 977630, 10951, 0.8791038645053244)
('42.tif', 72869, 7036, 959405, 9266, 0.8993952110589978)
('486.tif', 60426, 6302, 972340, 9508, 0.8843131228871229)
('49.tif', 77085, 11694, 951171, 8626, 0.8835463350335263)
('529.tif', 62101, 8321, 968399, 9755, 0.872952951264426)
('53.tif', 82798, 11930, 943461, 10387, 0.8812375939929649)
('586.tif', 76965, 9491, 951093, 11027, 0.8823832890030266)
('90.tif', 70140, 12517, 954651, 11268, 0.8550269710175845)
('meanDice', 0.881)
/_predsToRemove/LESAV/1/ ==> /data/LESAV/targetVessels/1024x1024/all/
colorMode : Grayscale
daMode : ['noDA']
imageToTensor length: 22
('imgName', 'TP', 'FP', 'TN', 'FN', 'DICE')
('111.tif', 56293, 7193, 980293, 4797, 0.9037535319804778)
('119.tif', 58421, 5151, 978159, 6845, 0.9068908241357364)
('12.tif', 68065, 10202, 962581, 7728, 0.8836167726859665)
('15.tif', 62678, 13705, 960817, 11376, 0.8332790470429482)
('224.tif', 89784, 7874, 942120, 8798, 0.9150428047289034)
('240.tif', 66449, 4451, 970127, 7549, 0.9171831219202473)
('275.tif', 69988, 5192, 965978, 7418, 0.9173580800335549)
('279.tif', 83125, 8648, 949431, 7372, 0.9121084105996599)
('304.tif', 46240, 3561, 992386, 6389, 0.9028604900907937)
('318.tif', 65579, 5478, 968930, 8589, 0.9031365123084868)
('33.tif', 81434, 21804, 936342, 8996, 0.8409649503273644)
('34.tif', 74315, 14588, 944891, 14782, 0.835)
('367.tif', 64520, 6686, 971884, 5486, 0.9138033594878622)
('37.tif', 91917, 18836, 930001, 7822, 0.8733538566786386)
('370.tif', 55977, 4018, 979328, 9253, 0.8940227590337393)
('42.tif', 72317, 7588, 960972, 7699, 0.9044090519694099)
('486.tif', 60548, 6180, 972525, 9323, 0.8865072218683885)
('49.tif', 77082, 11697, 951506, 8291, 0.8852266985162387)
('529.tif', 62752, 7670, 966352, 11802, 0.8656881138947136)
('53.tif', 81285, 13443, 945533, 8315, 0.8819604183846187)
('586.tif', 76756, 9700, 953437, 8683, 0.8930568079350767)
('90.tif', 70633, 12024, 955379, 10540, 0.8622718671793933)
('meanDice', 0.888)
/_predsToRemove/LESAV/2/ ==> /data/LESAV/targetVessels/1024x1024/all/
colorMode : Grayscale
daMode : ['noDA']
imageToTensor length: 22
('imgName', 'TP', 'FP', 'TN', 'FN', 'DICE')
('111.tif', 55860, 7626, 979288, 5802, 0.8927030396011123)
('119.tif', 57848, 5724, 977667, 7337, 0.8985608549438089)
('12.tif', 68105, 10162, 962833, 7476, 0.885354375747491)
('15.tif', 63184, 13199, 960761, 11432, 0.8368797144351949)
('224.tif', 87744, 9914, 942786, 8132, 0.9067554021515599)
('240.tif', 65767, 5133, 970269, 7407, 0.9129613948387634)
('275.tif', 70096, 5084, 965249, 8147, 0.9137613004569067)
('279.tif', 83225, 8548, 948638, 8165, 0.9087534054366876)
('304.tif', 45499, 4302, 992522, 6253, 0.8960641241519207)
('318.tif', 65504, 5553, 968219, 9300, 0.8981701757152357)
('33.tif', 83922, 19316, 936355, 8983, 0.8557226105443477)
('34.tif', 74757, 14146, 944739, 14934, 0.8371725813857128)
('367.tif', 64971, 6235, 970621, 6749, 0.9091557869107091)
('37.tif', 93236, 17517, 929320, 8503, 0.8775483312312934)
('370.tif', 55989, 4006, 978673, 9908, 0.889476694309408)
('42.tif', 73166, 6739, 959714, 8957, 0.9031278544449107)
('486.tif', 60907, 5821, 971478, 10370, 0.8826781638346437)
('49.tif', 76865, 11914, 950524, 9273, 0.8788739802306237)
('529.tif', 62425, 7997, 966043, 12111, 0.8612839581120049)
('53.tif', 82451, 12277, 944124, 9724, 0.8822865336564956)
('586.tif', 77943, 8513, 951439, 10681, 0.8903701165181631)
('90.tif', 70377, 12280, 955609, 10310, 0.8617029091977667)
('meanDice', 0.885)
