/_predsToRemove/CHASEDB1/0/ ==> /_predsToRemove/CHASEDB1/0_c00005/
5 : 121 => 32 | [84615, 5007, 1641, 607, 426, 420, 420, 359, 205, 205, 193, 182, 147, 147, 124, 123, 116, 102, 98, 89, 87, 77, 64, 63, 62, 60, 57, 54, 53, 47, 47, 43]
18 : 44 => 17 | [65263, 514, 443, 288, 272, 236, 229, 206, 198, 187, 186, 157, 144, 127, 123, 103, 60]
15 : 32 => 11 | [97908, 339, 283, 247, 243, 150, 111, 103, 89, 89, 78]
4 : 49 => 16 | [78232, 1318, 574, 421, 191, 151, 101, 100, 94, 86, 60, 56, 56, 51, 50, 46]
13 : 22 => 11 | [94781, 1486, 1454, 834, 802, 608, 288, 236, 174, 109, 51]
9 : 47 => 13 | [87368, 1290, 924, 465, 326, 178, 105, 99, 73, 60, 58, 54, 53]
12 : 26 => 11 | [85662, 1113, 665, 602, 437, 279, 278, 236, 180, 107, 70]
1 : 108 => 30 | [78884, 1896, 1603, 1564, 1347, 474, 415, 249, 184, 183, 151, 115, 104, 86, 83, 76, 71, 71, 67, 67, 65, 64, 51, 44, 43, 43, 43, 42, 42, 42]
2 : 97 => 37 | [72763, 10280, 4575, 1528, 839, 627, 594, 588, 434, 333, 318, 261, 253, 210, 151, 151, 139, 136, 115, 106, 105, 85, 80, 77, 69, 61, 60, 58, 56, 56, 54, 47, 43, 38, 38, 38, 37]
11 : 14 => 5 | [90015, 1415, 376, 136, 65]
10 : 17 => 9 | [95615, 970, 355, 228, 217, 160, 145, 134, 110]
14 : 31 => 15 | [89376, 1309, 1085, 589, 329, 276, 246, 133, 129, 115, 104, 101, 94, 92, 91]
23 : 25 => 11 | [101161, 747, 623, 396, 356, 329, 286, 243, 139, 111, 108]
16 : 32 => 15 | [94882, 2231, 1016, 469, 427, 346, 331, 328, 303, 248, 188, 155, 132, 122, 63]
22 : 47 => 21 | [98916, 731, 585, 334, 312, 271, 245, 229, 219, 216, 206, 185, 173, 139, 132, 129, 129, 125, 113, 112, 85]
28 : 54 => 22 | [94386, 1303, 872, 817, 761, 563, 426, 280, 236, 229, 220, 198, 180, 121, 117, 99, 90, 58, 55, 54, 51, 51]
3 : 85 => 22 | [90384, 935, 878, 839, 790, 415, 340, 316, 286, 280, 156, 135, 103, 86, 77, 74, 74, 70, 68, 62, 53, 46]
21 : 30 => 13 | [91519, 4635, 1425, 1319, 758, 379, 233, 230, 223, 215, 117, 90, 61]
25 : 30 => 17 | [98837, 2089, 1091, 568, 328, 296, 289, 202, 181, 162, 124, 97, 94, 94, 93, 68, 66]
7 : 33 => 18 | [80246, 1859, 1449, 1302, 1043, 448, 357, 355, 342, 319, 259, 188, 183, 164, 126, 110, 64, 41]
8 : 49 => 14 | [91792, 1133, 619, 252, 205, 175, 133, 104, 97, 92, 89, 82, 77, 73]
17 : 40 => 19 | [94058, 2337, 1679, 903, 787, 605, 359, 341, 300, 205, 163, 88, 88, 80, 80, 65, 57, 56, 51]
20 : 46 => 12 | [68296, 852, 413, 249, 163, 74, 68, 55, 53, 39, 37, 35]
6 : 139 => 41 | [79969, 1345, 898, 756, 686, 606, 525, 458, 434, 364, 190, 185, 180, 176, 169, 153, 149, 122, 121, 105, 104, 103, 100, 98, 78, 76, 76, 74, 71, 69, 66, 65, 64, 57, 54, 52, 52, 51, 47, 45, 44]
24 : 43 => 23 | [82256, 11579, 689, 679, 565, 335, 322, 271, 227, 192, 165, 164, 157, 122, 121, 114, 111, 85, 85, 84, 80, 76, 44]
26 : 30 => 11 | [100767, 1616, 429, 365, 338, 202, 191, 160, 127, 89, 80]
19 : 25 => 6 | [77559, 227, 192, 128, 88, 40]
27 : 38 => 15 | [95094, 1163, 726, 470, 292, 248, 180, 138, 117, 113, 99, 98, 83, 80, 49]
/_predsToRemove/CHASEDB1/0_c00005/ ==> /data/CHASEDB1/targetVessels/1024x1024/all/
colorMode : Grayscale
daMode : ['noDA']
imageToTensor length: 28
('imgName', 'TP', 'FP', 'TN', 'FN', 'DICE')
('1.tif', 66658, 15040, 945367, 21511, 0.7848257754596243)
('10.tif', 91148, 4350, 946292, 6786, 0.9424293808676951)
('11.tif', 82514, 3925, 952644, 9493, 0.9248063840041245)
('12.tif', 78099, 4959, 953988, 11530, 0.9045151053640401)
('13.tif', 89465, 5750, 942003, 11358, 0.912731205174507)
('14.tif', 83904, 4386, 950121, 10165, 0.9202068447403199)
('15.tif', 89019, 6113, 942823, 10621, 0.9140841599408539)
('16.tif', 88300, 6977, 940358, 12941, 0.8986454167048311)
('17.tif', 90663, 8809, 937465, 11639, 0.8986588955960629)
('18.tif', 60033, 6599, 973241, 8703, 0.8869599905442941)
('19.tif', 65541, 3181, 967161, 12693, 0.8919812733062957)
('2.tif', 70383, 11731, 941442, 25020, 0.7929719407155371)
('20.tif', 60573, 4958, 973284, 9761, 0.8916645199278695)
('21.tif', 90534, 8193, 939179, 10670, 0.9056524500952828)
('22.tif', 92263, 11065, 933925, 11323, 0.8918004581613618)
('23.tif', 87987, 7215, 936862, 16512, 0.8811873751258131)
('24.tif', 87833, 9064, 940989, 10690, 0.8989151570975336)
('25.tif', 95609, 10958, 932939, 9070, 0.9051911042102573)
('26.tif', 90716, 9252, 934960, 13648, 0.8879274905545876)
('27.tif', 89323, 7242, 942384, 9627, 0.9137201749226402)
('28.tif', 89824, 10942, 936467, 11343, 0.8896416138025979)
('3.tif', 75122, 16643, 935466, 21345, 0.7981852182413193)
('4.tif', 63075, 6870, 960119, 18512, 0.8324974262861969)
('5.tif', 69228, 12995, 939641, 26712, 0.7771310541470451)
('6.tif', 62784, 10813, 948726, 26253, 0.7720894769851323)
('7.tif', 72958, 7828, 951893, 15897, 0.8601458373860092)
('8.tif', 83952, 11726, 941927, 10971, 0.8809187779707347)
('9.tif', 71002, 7842, 949681, 20051, 0.8358240581057935)
('meanDice', 0.875)
/_predsToRemove/CHASEDB1/1/ ==> /_predsToRemove/CHASEDB1/1_c00005/
5 : 98 => 37 | [74832, 4843, 4547, 1691, 1562, 416, 361, 351, 346, 311, 242, 233, 221, 205, 192, 170, 150, 135, 127, 123, 116, 103, 90, 74, 73, 72, 71, 70, 69, 69, 68, 68, 65, 57, 54, 40, 38]
18 : 44 => 25 | [62123, 780, 583, 449, 388, 285, 280, 278, 231, 219, 214, 186, 176, 164, 159, 154, 136, 116, 108, 100, 75, 56, 40, 39, 35]
15 : 29 => 13 | [92126, 1433, 467, 246, 177, 174, 170, 106, 106, 103, 74, 67, 53]
4 : 56 => 18 | [73440, 1753, 1102, 682, 547, 317, 171, 164, 151, 95, 80, 67, 64, 56, 42, 40, 40, 38]
13 : 31 => 21 | [91193, 1205, 729, 483, 421, 383, 281, 270, 169, 164, 157, 154, 149, 143, 92, 90, 82, 76, 67, 65, 46]
9 : 45 => 14 | [81855, 2183, 1121, 884, 740, 525, 517, 125, 119, 77, 72, 53, 41, 41]
12 : 24 => 10 | [85420, 1015, 627, 500, 288, 217, 112, 102, 60, 52]
1 : 88 => 29 | [74140, 1669, 1490, 1283, 1264, 1249, 877, 563, 450, 405, 294, 252, 212, 134, 120, 119, 112, 85, 85, 82, 79, 79, 76, 64, 59, 56, 49, 45, 39]
2 : 92 => 34 | [69662, 10130, 4082, 3514, 778, 653, 479, 405, 403, 322, 227, 219, 217, 208, 204, 152, 150, 117, 110, 99, 98, 96, 89, 76, 65, 59, 47, 47, 47, 47, 43, 42, 40, 35]
11 : 9 => 5 | [87418, 1870, 799, 287, 91]
10 : 24 => 12 | [92448, 502, 499, 397, 205, 168, 138, 134, 110, 108, 85, 59]
14 : 29 => 18 | [86077, 1194, 878, 756, 465, 372, 285, 267, 255, 233, 204, 200, 141, 131, 117, 95, 77, 65]
23 : 38 => 19 | [97799, 325, 299, 292, 291, 277, 258, 222, 222, 160, 148, 133, 130, 126, 89, 75, 66, 55, 50]
16 : 58 => 30 | [87641, 2045, 1618, 903, 859, 449, 375, 320, 307, 280, 278, 224, 221, 187, 164, 123, 113, 109, 89, 81, 75, 74, 67, 66, 65, 64, 56, 56, 47, 45]
22 : 61 => 29 | [89463, 3304, 1679, 1031, 999, 493, 314, 276, 251, 226, 213, 201, 178, 168, 165, 163, 150, 100, 92, 89, 77, 76, 76, 72, 65, 65, 63, 63, 56]
28 : 41 => 24 | [92281, 1723, 1204, 876, 514, 495, 356, 209, 202, 199, 171, 126, 117, 115, 104, 77, 77, 74, 73, 69, 63, 54, 52, 52]
3 : 71 => 32 | [81092, 2116, 1342, 1148, 1014, 760, 745, 684, 603, 263, 259, 248, 192, 188, 135, 113, 108, 99, 99, 94, 94, 83, 80, 79, 76, 72, 69, 63, 63, 60, 47, 43]
21 : 22 => 15 | [95263, 1842, 342, 298, 241, 188, 157, 98, 86, 73, 73, 68, 64, 58, 58]
25 : 38 => 20 | [95225, 2055, 962, 695, 661, 646, 511, 432, 289, 187, 122, 117, 110, 102, 77, 69, 68, 62, 56, 49]
7 : 48 => 20 | [77039, 2302, 1497, 1374, 1318, 913, 434, 391, 378, 312, 304, 257, 208, 147, 136, 130, 128, 96, 46, 44]
8 : 29 => 15 | [85690, 3461, 1110, 530, 262, 194, 165, 91, 85, 81, 72, 72, 59, 47, 46]
17 : 44 => 22 | [91158, 1981, 1469, 908, 827, 578, 310, 305, 221, 174, 146, 128, 123, 83, 69, 67, 66, 65, 64, 57, 54, 47]
20 : 23 => 13 | [66569, 876, 523, 452, 187, 177, 165, 149, 147, 103, 81, 79, 48]
6 : 108 => 37 | [76550, 1346, 709, 548, 472, 449, 241, 217, 214, 190, 171, 145, 135, 120, 114, 107, 103, 98, 90, 79, 74, 73, 68, 67, 63, 60, 59, 58, 57, 55, 45, 44, 43, 42, 41, 41, 39]
24 : 35 => 22 | [93411, 878, 608, 425, 340, 287, 238, 201, 182, 162, 157, 147, 135, 113, 112, 108, 93, 86, 85, 60, 57, 57]
26 : 35 => 18 | [96599, 752, 445, 399, 345, 191, 138, 135, 127, 121, 105, 98, 93, 89, 78, 69, 67, 57]
19 : 27 => 11 | [75241, 407, 318, 239, 212, 190, 151, 151, 72, 58, 46]
27 : 33 => 14 | [93955, 1167, 752, 450, 257, 227, 213, 185, 113, 85, 70, 51, 50, 47]
/_predsToRemove/CHASEDB1/1_c00005/ ==> /data/CHASEDB1/targetVessels/1024x1024/all/
colorMode : Grayscale
daMode : ['noDA']
imageToTensor length: 28
('imgName', 'TP', 'FP', 'TN', 'FN', 'DICE')
('1.tif', 65121, 16577, 946568, 20310, 0.779290248849691)
('10.tif', 89920, 5578, 948145, 4933, 0.944780957284175)
('11.tif', 81609, 4830, 953281, 8856, 0.9226360059693393)
('12.tif', 77268, 5790, 954393, 11125, 0.9013420744119311)
('13.tif', 87969, 7246, 944911, 8450, 0.9180938664328877)
('14.tif', 83192, 5098, 951666, 8620, 0.9238320507268104)
('15.tif', 86939, 8193, 945081, 8363, 0.9130617431761135)
('16.tif', 86708, 8569, 943006, 10293, 0.9019024537388572)
('17.tif', 89430, 10042, 939634, 9470, 0.9016393442622951)
('18.tif', 58967, 7665, 973537, 8407, 0.8800650717132069)
('19.tif', 64392, 4330, 967161, 12693, 0.883249775388013)
('2.tif', 69335, 12779, 942835, 23627, 0.7920560213849985)
('20.tif', 59864, 5667, 973353, 9692, 0.8863029010933695)
('21.tif', 89551, 9176, 940491, 9358, 0.9062215385860876)
('22.tif', 90094, 13234, 935174, 10074, 0.8854621221055942)
('23.tif', 85693, 9509, 938050, 15324, 0.873442429122562)
('24.tif', 86789, 10108, 940526, 11153, 0.8908791361072476)
('25.tif', 93632, 12935, 933146, 8863, 0.8957342797830309)
('26.tif', 88234, 11734, 936934, 11674, 0.8828873901819128)
('27.tif', 87906, 8659, 942295, 9716, 0.9053747161241483)
('28.tif', 88745, 12021, 937272, 10538, 0.8872326280061384)
('3.tif', 72786, 18979, 937466, 19345, 0.7915995997737851)
('4.tif', 61239, 8706, 961021, 17610, 0.8231380297592645)
('5.tif', 67619, 14604, 941717, 24636, 0.7751005857472002)
('6.tif', 61696, 11901, 953648, 21331, 0.7878230667075289)
('7.tif', 72198, 8588, 952534, 15256, 0.8582738944365192)
('8.tif', 82250, 13428, 943183, 9715, 0.8766647303656412)
('9.tif', 69613, 9231, 950992, 18740, 0.8327063284628313)
('meanDice', 0.872)
/_predsToRemove/CHASEDB1/2/ ==> /_predsToRemove/CHASEDB1/2_c00005/
5 : 95 => 31 | [79587, 4938, 1803, 1724, 1116, 617, 484, 332, 322, 259, 242, 166, 152, 139, 139, 136, 92, 91, 86, 80, 79, 75, 65, 58, 56, 55, 47, 44, 43, 42, 40]
18 : 54 => 20 | [62858, 1331, 814, 617, 428, 272, 266, 183, 138, 129, 105, 98, 81, 66, 59, 49, 46, 44, 42, 34]
15 : 43 => 15 | [95233, 333, 272, 233, 197, 176, 174, 102, 101, 95, 92, 89, 63, 51, 48]
4 : 73 => 21 | [74955, 1319, 1011, 590, 340, 235, 135, 133, 104, 96, 86, 75, 72, 71, 70, 69, 65, 54, 40, 39, 39]
13 : 42 => 18 | [91625, 801, 730, 621, 568, 429, 369, 362, 285, 267, 166, 150, 130, 90, 89, 73, 62, 55]
9 : 48 => 13 | [84989, 996, 712, 576, 505, 423, 385, 182, 96, 91, 82, 78, 56]
12 : 29 => 13 | [84829, 992, 340, 323, 259, 195, 136, 119, 64, 64, 54, 43, 43]
1 : 106 => 28 | [80316, 1559, 1061, 597, 289, 249, 227, 207, 204, 129, 113, 108, 108, 101, 101, 86, 80, 77, 62, 62, 62, 57, 56, 54, 53, 51, 45, 42]
2 : 123 => 35 | [74665, 7201, 2302, 1517, 724, 495, 478, 343, 320, 291, 262, 260, 250, 237, 224, 198, 143, 142, 98, 92, 89, 88, 88, 88, 83, 81, 81, 79, 70, 53, 51, 42, 42, 41, 39]
11 : 6 => 4 | [90111, 159, 121, 109]
10 : 18 => 13 | [93048, 566, 554, 235, 209, 177, 148, 140, 139, 118, 99, 95, 56]
14 : 32 => 16 | [87824, 1096, 1075, 446, 348, 268, 234, 215, 199, 195, 150, 141, 128, 122, 80, 70]
23 : 37 => 17 | [98058, 735, 663, 408, 307, 243, 240, 234, 228, 223, 158, 154, 146, 142, 123, 90, 62]
16 : 58 => 19 | [92792, 971, 966, 827, 556, 498, 470, 386, 303, 299, 252, 212, 200, 152, 119, 96, 84, 66, 53]
22 : 56 => 30 | [93736, 1947, 1222, 707, 458, 444, 388, 304, 265, 244, 225, 221, 212, 200, 190, 171, 165, 137, 128, 124, 109, 90, 86, 84, 84, 75, 74, 66, 62, 51]
28 : 40 => 20 | [93961, 1933, 1237, 932, 589, 395, 177, 174, 154, 152, 142, 113, 100, 97, 95, 80, 66, 60, 58, 48]
3 : 71 => 26 | [85665, 977, 737, 725, 599, 561, 483, 399, 297, 193, 158, 156, 149, 131, 129, 122, 108, 79, 72, 62, 61, 54, 48, 46, 45, 43]
21 : 44 => 10 | [95711, 1249, 1031, 367, 303, 204, 134, 118, 97, 91]
25 : 44 => 14 | [98071, 2089, 917, 658, 373, 243, 235, 204, 144, 95, 81, 72, 63, 54]
7 : 50 => 19 | [78148, 2577, 1898, 1125, 839, 761, 387, 365, 334, 332, 290, 266, 176, 143, 110, 103, 90, 58, 50]
8 : 38 => 17 | [88613, 3532, 594, 261, 227, 184, 142, 94, 77, 75, 71, 60, 56, 53, 53, 48, 46]
17 : 46 => 20 | [92812, 2655, 2240, 1533, 590, 251, 205, 178, 121, 120, 116, 106, 103, 84, 74, 69, 67, 64, 61, 52]
20 : 49 => 17 | [65249, 636, 309, 266, 240, 216, 205, 120, 89, 72, 71, 45, 38, 37, 37, 35, 33]
6 : 120 => 38 | [78754, 1493, 767, 446, 431, 429, 417, 411, 244, 232, 212, 171, 167, 163, 159, 108, 91, 82, 76, 72, 71, 63, 60, 58, 56, 55, 55, 52, 47, 46, 46, 45, 44, 44, 44, 41, 41, 40]
24 : 60 => 26 | [92418, 998, 925, 309, 273, 262, 232, 224, 196, 176, 170, 146, 129, 126, 115, 113, 112, 100, 89, 75, 74, 72, 70, 68, 53, 52]
26 : 54 => 18 | [96506, 1328, 1275, 537, 437, 318, 295, 257, 247, 146, 144, 132, 105, 85, 82, 69, 57, 55]
19 : 24 => 11 | [74976, 362, 292, 233, 143, 108, 96, 89, 76, 62, 46]
27 : 32 => 15 | [94550, 1032, 745, 480, 264, 206, 192, 190, 110, 91, 89, 85, 74, 60, 57]
/_predsToRemove/CHASEDB1/2_c00005/ ==> /data/CHASEDB1/targetVessels/1024x1024/all/
colorMode : Grayscale
daMode : ['noDA']
imageToTensor length: 28
('imgName', 'TP', 'FP', 'TN', 'FN', 'DICE')
('1.tif', 65956, 15742, 946678, 20200, 0.7858734376303216)
('10.tif', 90405, 5093, 947899, 5179, 0.9462429742204918)
('11.tif', 82038, 4401, 953675, 8462, 0.927302629719847)
('12.tif', 76956, 6102, 955013, 10505, 0.9026090934148101)
('13.tif', 87046, 8169, 943535, 9826, 0.9063184911003868)
('14.tif', 82900, 5390, 950595, 9691, 0.9166247422338444)
('15.tif', 87207, 7925, 943392, 10052, 0.906560078174135)
('16.tif', 87146, 8131, 941143, 12156, 0.8957390057508775)
('17.tif', 90507, 8965, 938110, 10994, 0.9006881521398397)
('18.tif', 58903, 7729, 973187, 8757, 0.877237661215858)
('19.tif', 64150, 4572, 967521, 12333, 0.8835783891739265)
('2.tif', 67885, 14229, 943090, 23372, 0.7831182839113808)
('20.tif', 59098, 6433, 974445, 8600, 0.8871642059911881)
('21.tif', 89821, 8906, 940365, 9484, 0.9071362204088228)
('22.tif', 91460, 11868, 934439, 10809, 0.8897016979819744)
('23.tif', 86381, 8821, 937541, 15833, 0.8751165052478016)
('24.tif', 86856, 10041, 940958, 10721, 0.8932402274854222)
('25.tif', 93938, 12629, 932648, 9361, 0.8952188539353683)
('26.tif', 89022, 10946, 935555, 13053, 0.8812183545086937)
('27.tif', 88160, 8405, 941946, 10065, 0.905179937368448)
('28.tif', 89206, 11560, 936453, 11357, 0.8861713911061)
('3.tif', 72485, 19280, 937197, 19614, 0.7884632119392595)
('4.tif', 61965, 7980, 960998, 17633, 0.8287248483713714)
('5.tif', 67898, 14325, 941142, 25211, 0.7745077909337713)
('6.tif', 62299, 11298, 951445, 23534, 0.7815216709527693)
('7.tif', 72789, 7997, 952527, 15263, 0.8622348049609685)
('8.tif', 83648, 12030, 942360, 10538, 0.8811359710108289)
('9.tif', 70020, 8824, 950581, 19151, 0.8334970091956075)
('meanDice', 0.872)
