/_predsToRemove/CHASEDB1/0/ ==> /_predsToRemove/CHASEDB1/0_c0005/
5 : 121 => 5 | [84615, 5007, 1641, 607, 426]
18 : 44 => 3 | [65263, 514, 443]
15 : 32 => 1 | [97908]
4 : 49 => 4 | [78232, 1318, 574, 421]
13 : 22 => 6 | [94781, 1486, 1454, 834, 802, 608]
9 : 47 => 4 | [87368, 1290, 924, 465]
12 : 26 => 5 | [85662, 1113, 665, 602, 437]
1 : 108 => 7 | [78884, 1896, 1603, 1564, 1347, 474, 415]
2 : 97 => 9 | [72763, 10280, 4575, 1528, 839, 627, 594, 588, 434]
11 : 14 => 2 | [90015, 1415]
10 : 17 => 2 | [95615, 970]
14 : 31 => 4 | [89376, 1309, 1085, 589]
23 : 25 => 3 | [101161, 747, 623]
16 : 32 => 3 | [94882, 2231, 1016]
22 : 47 => 3 | [98916, 731, 585]
28 : 54 => 6 | [94386, 1303, 872, 817, 761, 563]
3 : 85 => 5 | [90384, 935, 878, 839, 790]
21 : 30 => 5 | [91519, 4635, 1425, 1319, 758]
25 : 30 => 4 | [98837, 2089, 1091, 568]
7 : 33 => 6 | [80246, 1859, 1449, 1302, 1043, 448]
8 : 49 => 3 | [91792, 1133, 619]
17 : 40 => 6 | [94058, 2337, 1679, 903, 787, 605]
20 : 46 => 3 | [68296, 852, 413]
6 : 139 => 9 | [79969, 1345, 898, 756, 686, 606, 525, 458, 434]
24 : 43 => 5 | [82256, 11579, 689, 679, 565]
26 : 30 => 2 | [100767, 1616]
19 : 25 => 1 | [77559]
27 : 38 => 3 | [95094, 1163, 726]
/_predsToRemove/CHASEDB1/0_c0005/ ==> /data/CHASEDB1/targetVessels/1024x1024/all/
colorMode : Grayscale
daMode : ['noDA']
imageToTensor length: 28
('imgName', 'TP', 'FP', 'TN', 'FN', 'DICE')
('1.tif', 65640, 16058, 946335, 20543, 0.7819824756821796)
('10.tif', 90111, 5387, 946604, 6474, 0.9382506520618691)
('11.tif', 82081, 4358, 952788, 9349, 0.922937667609308)
('12.tif', 77269, 5789, 954308, 11210, 0.9009018462489142)
('13.tif', 88944, 6271, 942340, 11021, 0.9114048570550262)
('14.tif', 82666, 5624, 950593, 9693, 0.9152112660463108)
('15.tif', 87750, 7382, 943286, 10158, 0.9091380024865313)
('16.tif', 86166, 9111, 941336, 11963, 0.8910375065923498)
('17.tif', 89401, 10071, 938136, 10968, 0.8947213034362318)
('18.tif', 58180, 8452, 973904, 8040, 0.8758618613193629)
('19.tif', 65074, 3648, 967369, 12485, 0.8897122661179511)
('2.tif', 69067, 13047, 943301, 23161, 0.7923162519645295)
('20.tif', 60114, 5417, 973598, 9447, 0.8899712788322033)
('21.tif', 89486, 9241, 939679, 10170, 0.902153914397907)
('22.tif', 89869, 13459, 934885, 10363, 0.8829730791904107)
('23.tif', 86525, 8677, 937368, 16006, 0.8751700525456044)
('24.tif', 85919, 10978, 941830, 9849, 0.8919004489658215)
('25.tif', 94105, 12462, 933529, 8480, 0.8998718635250919)
('26.tif', 89265, 10703, 935490, 13118, 0.8822788125583763)
('27.tif', 87962, 8603, 942990, 9021, 0.9089424845516357)
('28.tif', 88178, 12588, 937286, 10524, 0.8841317905628973)
('3.tif', 73669, 18096, 936654, 20157, 0.7938854793605293)
('4.tif', 62867, 7078, 960953, 17678, 0.8354973752408797)
('5.tif', 67514, 14709, 941571, 24782, 0.773715182874071)
('6.tif', 62022, 11575, 951324, 23655, 0.7788088451347992)
('7.tif', 71313, 9473, 952756, 15034, 0.8533682755649692)
('8.tif', 83102, 12576, 942456, 10442, 0.878354525372314)
('9.tif', 70363, 8481, 950048, 19684, 0.8332356371861142)
('meanDice', 0.871)
/_predsToRemove/CHASEDB1/1/ ==> /_predsToRemove/CHASEDB1/1_c0005/
5 : 98 => 6 | [74832, 4843, 4547, 1691, 1562, 416]
18 : 44 => 5 | [62123, 780, 583, 449, 388]
15 : 29 => 3 | [92126, 1433, 467]
4 : 56 => 5 | [73440, 1753, 1102, 682, 547]
13 : 31 => 4 | [91193, 1205, 729, 483]
9 : 45 => 7 | [81855, 2183, 1121, 884, 740, 525, 517]
12 : 24 => 4 | [85420, 1015, 627, 500]
1 : 88 => 10 | [74140, 1669, 1490, 1283, 1264, 1249, 877, 563, 450, 405]
2 : 92 => 9 | [69662, 10130, 4082, 3514, 778, 653, 479, 405, 403]
11 : 9 => 3 | [87418, 1870, 799]
10 : 24 => 3 | [92448, 502, 499]
14 : 29 => 5 | [86077, 1194, 878, 756, 465]
23 : 38 => 1 | [97799]
16 : 58 => 6 | [87641, 2045, 1618, 903, 859, 449]
22 : 61 => 6 | [89463, 3304, 1679, 1031, 999, 493]
28 : 41 => 6 | [92281, 1723, 1204, 876, 514, 495]
3 : 71 => 9 | [81092, 2116, 1342, 1148, 1014, 760, 745, 684, 603]
21 : 22 => 2 | [95263, 1842]
25 : 38 => 7 | [95225, 2055, 962, 695, 661, 646, 511]
7 : 48 => 8 | [77039, 2302, 1497, 1374, 1318, 913, 434, 391]
8 : 29 => 4 | [85690, 3461, 1110, 530]
17 : 44 => 6 | [91158, 1981, 1469, 908, 827, 578]
20 : 23 => 4 | [66569, 876, 523, 452]
6 : 108 => 6 | [76550, 1346, 709, 548, 472, 449]
24 : 35 => 3 | [93411, 878, 608]
26 : 35 => 2 | [96599, 752]
19 : 27 => 2 | [75241, 407]
27 : 33 => 3 | [93955, 1167, 752]
/_predsToRemove/CHASEDB1/1_c0005/ ==> /data/CHASEDB1/targetVessels/1024x1024/all/
colorMode : Grayscale
daMode : ['noDA']
imageToTensor length: 28
('imgName', 'TP', 'FP', 'TN', 'FN', 'DICE')
('1.tif', 64177, 17521, 947665, 19213, 0.7774883698391161)
('10.tif', 88799, 6699, 948428, 4650, 0.9399355374787639)
('11.tif', 81292, 5147, 953342, 8795, 0.9210201330115677)
('12.tif', 76591, 6467, 954547, 10971, 0.8977962724182393)
('13.tif', 85705, 9510, 945456, 7905, 0.9077717463259632)
('14.tif', 81279, 7011, 952195, 8091, 0.9149949341438703)
('15.tif', 85920, 9212, 945338, 8106, 0.9084469068186384)
('16.tif', 83917, 11360, 943701, 9598, 0.888988940209331)
('17.tif', 87882, 11590, 940065, 9039, 0.8949606146858595)
('18.tif', 56391, 10241, 974012, 7932, 0.8612271390935817)
('19.tif', 63197, 5525, 967403, 12451, 0.8754865969384221)
('2.tif', 67910, 14204, 944266, 22196, 0.7886424340959238)
('20.tif', 58985, 6546, 973610, 9435, 0.880695179580593)
('21.tif', 88217, 10510, 940961, 8888, 0.9009457085665264)
('22.tif', 87565, 15763, 935844, 9404, 0.8743515878919804)
('23.tif', 83037, 12165, 938612, 14762, 0.8604825881731183)
('24.tif', 84484, 12413, 941266, 10413, 0.8809868921864084)
('25.tif', 92288, 14279, 933542, 8467, 0.8902866073065088)
('26.tif', 86103, 13865, 937360, 11248, 0.8727289313244037)
('27.tif', 86691, 9874, 942828, 9183, 0.9009712168531326)
('28.tif', 86986, 13780, 937703, 10107, 0.8792726133256511)
('3.tif', 71225, 20540, 938532, 18279, 0.7858486558650404)
('4.tif', 60640, 9305, 961747, 16884, 0.8224101336552089)
('5.tif', 65098, 17125, 943560, 22793, 0.7653455917796301)
('6.tif', 60746, 12851, 955651, 19328, 0.7905980959322189)
('7.tif', 70790, 9996, 953312, 14478, 0.8526142098353547)
('8.tif', 81378, 14300, 943485, 9413, 0.8728314089741458)
('9.tif', 69295, 9549, 951202, 18530, 0.8315283586029796)
('meanDice', 0.866)
/_predsToRemove/CHASEDB1/2/ ==> /_predsToRemove/CHASEDB1/2_c0005/
5 : 95 => 7 | [79587, 4938, 1803, 1724, 1116, 617, 484]
18 : 54 => 5 | [62858, 1331, 814, 617, 428]
15 : 43 => 1 | [95233]
4 : 73 => 4 | [74955, 1319, 1011, 590]
13 : 42 => 5 | [91625, 801, 730, 621, 568]
9 : 48 => 5 | [84989, 996, 712, 576, 505]
12 : 29 => 2 | [84829, 992]
1 : 106 => 4 | [80316, 1559, 1061, 597]
2 : 123 => 7 | [74665, 7201, 2302, 1517, 724, 495, 478]
11 : 6 => 1 | [90111]
10 : 18 => 3 | [93048, 566, 554]
14 : 32 => 4 | [87824, 1096, 1075, 446]
23 : 37 => 3 | [98058, 735, 663]
16 : 58 => 7 | [92792, 971, 966, 827, 556, 498, 470]
22 : 56 => 4 | [93736, 1947, 1222, 707]
28 : 40 => 5 | [93961, 1933, 1237, 932, 589]
3 : 71 => 7 | [85665, 977, 737, 725, 599, 561, 483]
21 : 44 => 3 | [95711, 1249, 1031]
25 : 44 => 4 | [98071, 2089, 917, 658]
7 : 50 => 6 | [78148, 2577, 1898, 1125, 839, 761]
8 : 38 => 3 | [88613, 3532, 594]
17 : 46 => 5 | [92812, 2655, 2240, 1533, 590]
20 : 49 => 2 | [65249, 636]
6 : 120 => 8 | [78754, 1493, 767, 446, 431, 429, 417, 411]
24 : 60 => 3 | [92418, 998, 925]
26 : 54 => 4 | [96506, 1328, 1275, 537]
19 : 24 => 1 | [74976]
27 : 32 => 4 | [94550, 1032, 745, 480]
/_predsToRemove/CHASEDB1/2_c0005/ ==> /data/CHASEDB1/targetVessels/1024x1024/all/
colorMode : Grayscale
daMode : ['noDA']
imageToTensor length: 28
('imgName', 'TP', 'FP', 'TN', 'FN', 'DICE')
('1.tif', 64784, 16914, 948129, 18749, 0.7841627781711664)
('10.tif', 89206, 6292, 948116, 4962, 0.9406641148123543)
('11.tif', 81688, 4751, 953714, 8423, 0.925380911922968)
('12.tif', 75648, 7410, 955345, 10173, 0.8958840353152256)
('13.tif', 84961, 10254, 943977, 9384, 0.8964021945558135)
('14.tif', 81305, 6985, 951150, 9136, 0.909803000039165)
('15.tif', 85689, 9443, 943900, 9544, 0.900260026790639)
('16.tif', 85399, 9878, 941618, 11681, 0.8879219368154005)
('17.tif', 89244, 10228, 938518, 10586, 0.895565523677635)
('18.tif', 57772, 8860, 973668, 8276, 0.8708471510400965)
('19.tif', 62904, 5818, 967782, 12072, 0.8755027905746775)
('2.tif', 65961, 16153, 945041, 21421, 0.7783192523717374)
('20.tif', 57623, 7908, 974783, 8262, 0.8769556218420892)
('21.tif', 88883, 9844, 940741, 9108, 0.9036590449272562)
('22.tif', 88121, 15207, 935757, 9491, 0.877087687867025)
('23.tif', 84251, 10951, 938169, 15205, 0.8656310041200465)
('24.tif', 84375, 12522, 941713, 9966, 0.8824083079722649)
('25.tif', 92868, 13699, 933142, 8867, 0.891666906702768)
('26.tif', 86988, 12980, 935950, 12658, 0.8715621148817218)
('27.tif', 87253, 9312, 942457, 9554, 0.9024367540285047)
('28.tif', 87733, 13033, 936891, 10919, 0.8798904813005847)
('3.tif', 71014, 20751, 938078, 18733, 0.7824716823130151)
('4.tif', 61136, 8809, 961892, 16739, 0.8271681775131917)
('5.tif', 66515, 15708, 942599, 23754, 0.7712241727152563)
('6.tif', 61451, 12146, 953282, 21697, 0.7840888066604995)
('7.tif', 70849, 9937, 953291, 14499, 0.8529139128655182)
('8.tif', 82753, 12925, 942912, 9986, 0.8784026919014739)
('9.tif', 68948, 9896, 950902, 18830, 0.8275977962093841)
('meanDice', 0.866)
