/_predsToRemove/HRF/0/ ==> /_predsToRemove/HRF/0_c0005/
5 : 118 => 2 | [84289, 540]
18 : 69 => 1 | [100488]
33 : 45 => 1 | [95604]
15 : 54 => 1 | [92255]
34 : 147 => 6 | [71946, 922, 566, 400, 373, 360]
4 : 110 => 2 | [73677, 508]
13 : 52 => 1 | [83197]
9 : 118 => 2 | [92451, 536]
12 : 58 => 2 | [102131, 931]
1 : 130 => 2 | [71480, 480]
2 : 101 => 1 | [81853]
38 : 69 => 3 | [81721, 490, 461]
11 : 87 => 2 | [76586, 725]
10 : 87 => 1 | [65671]
14 : 73 => 1 | [77832]
23 : 84 => 2 | [79215, 488]
16 : 147 => 4 | [85598, 687, 437, 436]
22 : 118 => 2 | [81257, 843]
28 : 68 => 1 | [99130]
40 : 128 => 3 | [80877, 1503, 534]
32 : 84 => 1 | [85517]
3 : 102 => 1 | [89773]
39 : 55 => 4 | [88322, 2408, 877, 494]
21 : 80 => 2 | [89940, 589]
41 : 100 => 1 | [83191]
25 : 115 => 3 | [68703, 711, 617]
7 : 160 => 2 | [68230, 1645]
30 : 99 => 1 | [85857]
8 : 124 => 1 | [66298]
17 : 90 => 2 | [78307, 630]
31 : 83 => 1 | [94579]
36 : 52 => 5 | [54934, 49218, 510, 420, 278]
20 : 113 => 1 | [75095]
43 : 135 => 3 | [76073, 806, 450]
37 : 85 => 1 | [73420]
29 : 82 => 2 | [76359, 1059]
6 : 93 => 1 | [93586]
24 : 102 => 1 | [94639]
35 : 89 => 1 | [88777]
26 : 113 => 3 | [76241, 483, 406]
45 : 79 => 2 | [78798, 517]
42 : 68 => 1 | [93359]
44 : 90 => 2 | [82550, 2052]
19 : 89 => 2 | [88798, 553]
27 : 86 => 1 | [79905]
/_predsToRemove/HRF/0_c0005/ ==> /data/HRF/targetVessels/1024x1024/all/
colorMode : Grayscale
daMode : ['noDA']
imageToTensor length: 45
('imgName', 'TP', 'FP', 'TN', 'FN', 'DICE')
('1.tif', 48768, 13602, 963014, 23192, 0.7260924588699471)
('10.tif', 58288, 10341, 972564, 7383, 0.8680268056589725)
('11.tif', 65719, 12666, 958599, 11592, 0.8441963826944816)
('12.tif', 96340, 13704, 931810, 6722, 0.9041509858943436)
('13.tif', 66688, 9601, 955778, 16509, 0.8362865706080784)
('14.tif', 67225, 11874, 958870, 10607, 0.8567459584148447)
('15.tif', 87353, 17982, 938339, 4902, 0.8841844222885774)
('16.tif', 71091, 22387, 939031, 16067, 0.7871188467415133)
('17.tif', 68183, 14648, 954991, 10754, 0.8429726521932644)
('18.tif', 96004, 23441, 924647, 4484, 0.8730295135336671)
('19.tif', 76793, 16873, 942352, 12558, 0.8391898020402476)
('2.tif', 63261, 19059, 947664, 18592, 0.7706626546387043)
('20.tif', 64932, 15270, 958211, 10163, 0.8362299336110807)
('21.tif', 85723, 18430, 939617, 4806, 0.880646387442085)
('22.tif', 71055, 19773, 946703, 11045, 0.8217871021465581)
('23.tif', 68322, 15590, 953283, 11381, 0.8351557008831708)
('24.tif', 91287, 26198, 927739, 3352, 0.8606946880126718)
('25.tif', 61130, 20466, 958079, 8901, 0.8063207740046298)
('26.tif', 65958, 15972, 955474, 11172, 0.8293474160694078)
('27.tif', 74481, 18333, 950338, 5424, 0.8624528859013774)
('28.tif', 83792, 20692, 928754, 15338, 0.8230475311127918)
('29.tif', 65448, 15445, 955713, 11970, 0.8268282052415814)
('3.tif', 84201, 35534, 923269, 5572, 0.8037974683544303)
('30.tif', 80525, 22422, 940297, 5332, 0.8530009957416157)
('31.tif', 82167, 20321, 933676, 12412, 0.8338991307524852)
('32.tif', 74365, 18691, 944368, 11152, 0.8328806706500983)
('33.tif', 89959, 19070, 933902, 5645, 0.8792228037511056)
('34.tif', 63309, 20383, 953626, 11258, 0.8000682425644039)
('35.tif', 77885, 22990, 936809, 10892, 0.8213464661590703)
('36.tif', 100034, 21570, 921646, 5326, 0.8814966250154209)
('37.tif', 64121, 18722, 956434, 9299, 0.8206805193807876)
('38.tif', 67567, 16304, 949600, 15105, 0.8114060632989678)
('39.tif', 85046, 16702, 939773, 7055, 0.877445847025262)
('4.tif', 59729, 18085, 956306, 14456, 0.7859130652175343)
('40.tif', 70303, 22812, 942850, 12611, 0.7987661124019337)
('41.tif', 67386, 19160, 946225, 15805, 0.7940048427861928)
('42.tif', 84778, 17378, 937839, 8581, 0.8672275784466665)
('43.tif', 63251, 15334, 955913, 14078, 0.8113575432610285)
('44.tif', 70070, 18893, 945081, 14532, 0.8074208509780197)
('45.tif', 72829, 18955, 950306, 6486, 0.8513083068866563)
('5.tif', 70764, 20282, 943465, 14065, 0.8047078891257996)
('6.tif', 89004, 25950, 929040, 4582, 0.8535916370960007)
('7.tif', 56958, 15964, 962737, 12917, 0.797747851845627)
('8.tif', 53519, 16952, 965326, 12779, 0.7826188683108014)
('9.tif', 86871, 35334, 920255, 6116, 0.8073813152905313)
('meanDice', 0.831)
/_predsToRemove/HRF/1/ ==> /_predsToRemove/HRF/1_c0005/
5 : 88 => 1 | [84065]
18 : 57 => 1 | [102774]
33 : 39 => 2 | [96212, 614]
15 : 33 => 1 | [94109]
34 : 131 => 3 | [71418, 563, 380]
4 : 114 => 3 | [74617, 608, 497]
13 : 73 => 1 | [81756]
9 : 91 => 1 | [94202]
12 : 40 => 2 | [103034, 916]
1 : 118 => 1 | [71803]
2 : 93 => 1 | [80341]
38 : 74 => 1 | [80783]
11 : 58 => 2 | [74278, 653]
10 : 86 => 2 | [64439, 821]
14 : 76 => 2 | [74473, 841]
23 : 100 => 2 | [77485, 469]
16 : 127 => 2 | [84468, 515]
22 : 100 => 1 | [82031]
28 : 79 => 1 | [96709]
40 : 131 => 1 | [81083]
32 : 74 => 2 | [83630, 441]
3 : 74 => 2 | [87774, 828]
39 : 56 => 2 | [94335, 855]
21 : 90 => 1 | [87969]
41 : 93 => 1 | [80372]
25 : 125 => 3 | [69615, 798, 599]
7 : 142 => 4 | [68342, 852, 393, 378]
30 : 102 => 2 | [85285, 519]
8 : 127 => 1 | [63369]
17 : 76 => 1 | [79532]
31 : 81 => 2 | [91326, 891]
36 : 46 => 5 | [56105, 50445, 698, 436, 333]
20 : 90 => 1 | [73640]
43 : 152 => 3 | [73431, 852, 447]
37 : 105 => 2 | [71438, 714]
29 : 97 => 2 | [74980, 437]
6 : 70 => 1 | [93084]
24 : 76 => 1 | [100175]
35 : 72 => 2 | [87022, 593]
26 : 114 => 1 | [74829]
45 : 64 => 3 | [79659, 577, 520]
42 : 55 => 1 | [97769]
44 : 81 => 2 | [81864, 2044]
19 : 85 => 1 | [88342]
27 : 81 => 2 | [79074, 751]
/_predsToRemove/HRF/1_c0005/ ==> /data/HRF/targetVessels/1024x1024/all/
colorMode : Grayscale
daMode : ['noDA']
imageToTensor length: 45
('imgName', 'TP', 'FP', 'TN', 'FN', 'DICE')
('1.tif', 49022, 13348, 963425, 22781, 0.73072823891543)
('10.tif', 58184, 10445, 972871, 7076, 0.8691378679353793)
('11.tif', 65274, 13111, 960534, 9657, 0.8514962560985155)
('12.tif', 97346, 12698, 931928, 6604, 0.9098012093797022)
('13.tif', 66250, 10039, 956781, 15506, 0.8383688190072448)
('14.tif', 66134, 12965, 960297, 9180, 0.8565859092174881)
('15.tif', 88977, 16358, 938109, 5132, 0.8922504562684263)
('16.tif', 70339, 23139, 940454, 14644, 0.7882842749956573)
('17.tif', 68771, 14060, 954984, 10761, 0.8471265004958026)
('18.tif', 98049, 21396, 924406, 4725, 0.8824537955800359)
('19.tif', 76277, 17389, 942845, 12065, 0.8381719484857808)
('2.tif', 62609, 19711, 948524, 17732, 0.769809604023091)
('20.tif', 64616, 15586, 959350, 9024, 0.8400306808283824)
('21.tif', 84295, 19858, 940749, 3674, 0.8775153288014907)
('22.tif', 71295, 19533, 947012, 10736, 0.824891963970635)
('23.tif', 67720, 16192, 954430, 10234, 0.8367415022302398)
('24.tif', 95899, 21586, 926815, 4276, 0.8811816594688965)
('25.tif', 62202, 19394, 958170, 8810, 0.8151866219333194)
('26.tif', 64885, 17045, 956702, 9944, 0.8278312568975306)
('27.tif', 74939, 17875, 950876, 4886, 0.868158411482921)
('28.tif', 82666, 21818, 930049, 14043, 0.8217582122638462)
('29.tif', 64725, 16168, 956991, 10692, 0.8281619857974538)
('3.tif', 83215, 36520, 923454, 5387, 0.7988499402410517)
('30.tif', 81022, 21925, 940847, 4782, 0.8585067098982258)
('31.tif', 81170, 21318, 935041, 11047, 0.8337741711820447)
('32.tif', 73933, 19123, 945382, 10138, 0.8348021476116008)
('33.tif', 91399, 17630, 934120, 5427, 0.8879939763425713)
('34.tif', 61802, 21890, 954325, 10559, 0.7920642345869673)
('35.tif', 77631, 23244, 937717, 9984, 0.8237147859302881)
('36.tif', 102263, 19341, 921218, 5754, 0.8907112154376124)
('37.tif', 63432, 19411, 957013, 8720, 0.8185038227039582)
('38.tif', 66840, 17031, 950762, 13943, 0.8118843149877926)
('39.tif', 87155, 14593, 938793, 8035, 0.8851008946978237)
('4.tif', 60250, 17564, 955290, 15472, 0.7848322217590663)
('40.tif', 69435, 23680, 943813, 11648, 0.7971962938724899)
('41.tif', 66168, 20378, 947826, 14204, 0.7928204267963911)
('42.tif', 87241, 14915, 935892, 10528, 0.8727372764786795)
('43.tif', 62039, 16546, 957300, 12691, 0.809301112089489)
('44.tif', 69679, 19284, 945384, 14229, 0.8061386814445454)
('45.tif', 74001, 17783, 950037, 6755, 0.8577837023298945)
('5.tif', 70472, 20574, 943937, 13593, 0.8048837594440098)
('6.tif', 88707, 26247, 929245, 4377, 0.8527961237850777)
('7.tif', 57345, 15577, 963034, 12620, 0.8026622435910895)
('8.tif', 52155, 18316, 966891, 11214, 0.7793634190077705)
('9.tif', 87822, 34383, 919991, 6380, 0.8116373315096093)
('meanDice', 0.833)
/_predsToRemove/HRF/2/ ==> /_predsToRemove/HRF/2_c0005/
5 : 144 => 2 | [81910, 528]
18 : 79 => 1 | [96648]
33 : 42 => 1 | [96108]
15 : 47 => 1 | [88403]
34 : 168 => 4 | [68948, 840, 500, 387]
4 : 171 => 2 | [73169, 586]
13 : 83 => 2 | [81182, 548]
9 : 107 => 1 | [95222]
12 : 52 => 2 | [99683, 869]
1 : 153 => 1 | [70833]
2 : 140 => 1 | [79671]
38 : 91 => 3 | [80136, 502, 470]
11 : 64 => 1 | [73953]
10 : 97 => 1 | [64581]
14 : 92 => 1 | [74554]
23 : 126 => 2 | [77114, 488]
16 : 194 => 3 | [82175, 1288, 704]
22 : 121 => 1 | [79872]
28 : 77 => 2 | [97228, 489]
40 : 187 => 1 | [80447]
32 : 110 => 2 | [83079, 442]
3 : 118 => 2 | [87581, 726]
39 : 67 => 1 | [92118]
21 : 70 => 1 | [89339]
41 : 100 => 1 | [82671]
25 : 131 => 4 | [68161, 575, 402, 376]
7 : 198 => 4 | [64785, 1648, 796, 329]
30 : 160 => 2 | [79937, 525]
8 : 169 => 2 | [62489, 403]
17 : 112 => 2 | [76194, 633]
31 : 109 => 2 | [91916, 1135]
36 : 68 => 5 | [53817, 48460, 471, 412, 280]
20 : 117 => 1 | [73998]
43 : 116 => 2 | [75050, 719]
37 : 142 => 1 | [69870]
29 : 102 => 1 | [75167]
6 : 103 => 1 | [91757]
24 : 112 => 1 | [94402]
35 : 112 => 1 | [85780]
26 : 125 => 1 | [74959]
45 : 91 => 4 | [75273, 477, 409, 378]
42 : 59 => 3 | [47849, 46312, 242]
44 : 101 => 2 | [82194, 2004]
19 : 109 => 3 | [84366, 1755, 759]
27 : 107 => 2 | [74063, 526]
/_predsToRemove/HRF/2_c0005/ ==> /data/HRF/targetVessels/1024x1024/all/
colorMode : Grayscale
daMode : ['noDA']
imageToTensor length: 45
('imgName', 'TP', 'FP', 'TN', 'FN', 'DICE')
('1.tif', 48689, 13681, 964062, 22144, 0.7310496009849629)
('10.tif', 58248, 10381, 973614, 6333, 0.8745289392688237)
('11.tif', 65442, 12943, 961680, 8511, 0.8591684281006708)
('12.tif', 95406, 14638, 933386, 5146, 0.9060570951015214)
('13.tif', 66402, 9887, 956959, 15328, 0.8404305811326486)
('14.tif', 66100, 12999, 961023, 8454, 0.8603802073503284)
('15.tif', 85097, 20238, 939935, 3306, 0.8784750539388246)
('16.tif', 69811, 23667, 940742, 14356, 0.7859607644459455)
('17.tif', 67608, 15223, 956526, 9219, 0.846910270703629)
('18.tif', 93498, 25947, 925981, 3150, 0.8653496411267371)
('19.tif', 75580, 18086, 943610, 11300, 0.8372381553731459)
('2.tif', 62221, 20099, 948806, 17450, 0.7682031717811484)
('20.tif', 64901, 15301, 959277, 9097, 0.8417769130998703)
('21.tif', 85502, 18651, 940586, 3837, 0.8837781406983235)
('22.tif', 70434, 20394, 948310, 9438, 0.8252372583479789)
('23.tif', 67714, 16198, 954776, 9888, 0.8384907809849301)
('24.tif', 91571, 25914, 928260, 2831, 0.8643380669885363)
('25.tif', 61667, 19929, 959133, 7847, 0.8161868837270863)
('26.tif', 65135, 16795, 956822, 9824, 0.830332273135784)
('27.tif', 71455, 21359, 952628, 3134, 0.8536884046283519)
('28.tif', 83380, 21104, 929755, 14337, 0.8247239133337619)
('29.tif', 64921, 15972, 957437, 10246, 0.83200051262335)
('3.tif', 83321, 36414, 923855, 4986, 0.8010017208063757)
('30.tif', 77182, 25765, 942349, 3280, 0.8416380875529554)
('31.tif', 82029, 20459, 935066, 11022, 0.8390039838599972)
('32.tif', 73723, 19333, 945722, 9798, 0.8350238139735073)
('33.tif', 90976, 18053, 934415, 5132, 0.8869779708195011)
('34.tif', 61423, 22269, 955632, 9252, 0.7958048028399852)
('35.tif', 76418, 24457, 938339, 9362, 0.8188154616806408)
('36.tif', 99228, 22376, 922760, 4212, 0.881854215175699)
('37.tif', 62344, 20499, 958207, 7526, 0.8164858263540105)
('38.tif', 67219, 16652, 950816, 13889, 0.8148794695082404)
('39.tif', 85611, 16137, 940321, 6507, 0.8831976726192319)
('4.tif', 59292, 18522, 956299, 14463, 0.7823763434475387)
('40.tif', 69548, 23567, 944562, 10899, 0.8014196655950035)
('41.tif', 67691, 18855, 947050, 14980, 0.80004964040256)
('42.tif', 86031, 16125, 938048, 8372, 0.8753707538194638)
('43.tif', 62928, 15657, 957150, 12841, 0.8153724555243143)
('44.tif', 69944, 19019, 945359, 14254, 0.8078493425193894)
('45.tif', 71279, 20505, 951534, 5258, 0.8469412610428882)
('5.tif', 69396, 21650, 944488, 13042, 0.8000276682575915)
('6.tif', 87298, 27656, 929163, 4459, 0.8446381663288359)
('7.tif', 55727, 17195, 963823, 11831, 0.7933798405466971)
('8.tif', 51656, 18815, 966869, 11236, 0.7746676364508897)
('9.tif', 88452, 33753, 919601, 6770, 0.813624802807379)
('meanDice', 0.832)
