/_predsToRemove/IOSTAR/0/ ==> /_predsToRemove/IOSTAR/0_c0001/
5 : 71 => 29 | [29812, 29284, 15857, 2851, 1803, 1470, 926, 641, 375, 307, 283, 266, 241, 196, 191, 168, 135, 125, 123, 106, 94, 88, 86, 77, 69, 56, 54, 42, 41]
18 : 55 => 21 | [39999, 33628, 2670, 2553, 1223, 373, 338, 323, 302, 294, 251, 232, 183, 172, 112, 84, 76, 67, 60, 52, 48]
15 : 52 => 16 | [46938, 34586, 1434, 1305, 1288, 990, 893, 844, 823, 717, 458, 450, 121, 77, 62, 50]
4 : 81 => 31 | [45341, 38147, 3159, 2223, 1956, 643, 603, 590, 379, 359, 329, 323, 284, 243, 232, 228, 181, 173, 160, 153, 141, 136, 135, 88, 85, 76, 66, 57, 57, 49, 46]
13 : 37 => 22 | [24721, 10698, 9259, 9151, 4468, 4456, 4152, 523, 452, 439, 299, 296, 291, 231, 202, 165, 161, 96, 79, 54, 52, 36]
9 : 44 => 20 | [35099, 26215, 18084, 17879, 428, 333, 228, 203, 192, 139, 109, 102, 90, 88, 80, 63, 62, 57, 47, 44]
12 : 29 => 20 | [30938, 15810, 6604, 6202, 2471, 2183, 850, 797, 293, 268, 241, 204, 203, 161, 140, 108, 85, 72, 38, 38]
1 : 50 => 18 | [84075, 2866, 1021, 691, 606, 543, 283, 232, 225, 222, 217, 203, 188, 170, 142, 134, 119, 100]
2 : 62 => 39 | [19516, 19339, 12796, 11591, 11117, 3475, 2653, 1426, 1071, 1008, 654, 593, 393, 324, 271, 253, 249, 198, 191, 166, 160, 149, 134, 125, 108, 98, 86, 81, 67, 66, 45, 44, 43, 32, 26, 22, 22, 21, 20]
11 : 28 => 15 | [21150, 17449, 10653, 6777, 4494, 4159, 2483, 2145, 1005, 866, 721, 381, 195, 180, 138]
10 : 16 => 9 | [32357, 17201, 8473, 7865, 4955, 4535, 578, 72, 51]
14 : 43 => 9 | [48369, 35201, 2649, 1972, 1582, 544, 445, 80, 59]
23 : 49 => 13 | [44430, 38336, 1783, 871, 762, 753, 144, 112, 79, 63, 58, 52, 51]
16 : 49 => 17 | [36545, 36142, 2236, 1649, 1321, 1133, 1053, 673, 125, 110, 106, 73, 69, 58, 54, 47, 45]
22 : 40 => 14 | [51173, 49164, 965, 559, 324, 310, 207, 165, 144, 124, 81, 80, 68, 56]
28 : 48 => 17 | [46241, 31499, 2145, 1553, 1312, 700, 700, 388, 216, 97, 79, 76, 74, 71, 61, 50, 47]
3 : 102 => 51 | [25601, 17171, 15283, 12281, 4380, 3457, 1404, 1153, 892, 863, 472, 444, 373, 333, 332, 314, 237, 196, 194, 187, 177, 158, 141, 121, 108, 102, 99, 89, 88, 80, 77, 76, 75, 72, 69, 64, 62, 59, 53, 52, 51, 49, 42, 41, 38, 34, 31, 31, 29, 28, 27]
21 : 49 => 23 | [27281, 20163, 15164, 5361, 5014, 4195, 3525, 3150, 3058, 2781, 2252, 1905, 744, 412, 99, 81, 62, 55, 43, 41, 37, 35, 28]
25 : 57 => 16 | [48832, 17619, 16419, 4316, 1816, 1160, 1065, 919, 263, 81, 79, 78, 75, 58, 56, 56]
7 : 31 => 12 | [49225, 35343, 2439, 1161, 738, 644, 546, 466, 206, 147, 126, 65]
30 : 45 => 17 | [28837, 27143, 17725, 4842, 4826, 1162, 859, 786, 255, 113, 92, 69, 62, 58, 50, 33, 29]
8 : 53 => 23 | [50987, 31921, 2183, 2093, 1250, 633, 610, 453, 433, 384, 354, 332, 280, 274, 263, 235, 189, 178, 173, 125, 75, 59, 58]
17 : 39 => 11 | [46022, 33043, 3626, 1667, 1256, 1035, 279, 139, 119, 63, 53]
20 : 84 => 31 | [42058, 37891, 5785, 1684, 1557, 780, 696, 144, 116, 114, 108, 86, 84, 83, 83, 75, 71, 68, 66, 59, 56, 55, 53, 51, 48, 48, 45, 45, 44, 44, 43]
29 : 34 => 17 | [44499, 39094, 3618, 1744, 1308, 1089, 1016, 963, 641, 529, 349, 197, 116, 110, 67, 62, 48]
6 : 86 => 38 | [38922, 34408, 4489, 4128, 2443, 905, 831, 518, 478, 423, 333, 315, 259, 244, 238, 197, 193, 189, 182, 175, 154, 123, 110, 100, 84, 69, 69, 67, 65, 58, 52, 51, 47, 47, 46, 41, 40, 39]
24 : 36 => 13 | [44651, 41868, 4608, 1234, 928, 906, 879, 504, 470, 445, 435, 112, 63]
26 : 40 => 8 | [48597, 43214, 3668, 1209, 145, 126, 65, 60]
19 : 47 => 15 | [51355, 37907, 2063, 1591, 629, 467, 397, 361, 233, 203, 151, 84, 78, 70, 52]
27 : 68 => 15 | [41606, 40760, 2858, 1521, 664, 621, 210, 195, 79, 76, 55, 49, 48, 44, 43]
/_predsToRemove/IOSTAR/0_c0001/ ==> /data/IOSTAR/targetVessels/1024x1024/all/
colorMode : Grayscale
daMode : ['noDA']
imageToTensor length: 30
('imgName', 'TP', 'FP', 'TN', 'FN', 'DICE')
('1.tif', 70039, 12745, 943794, 21998, 0.8012652942152259)
('10.tif', 71758, 6217, 966272, 4329, 0.9315470395035765)
('11.tif', 61004, 6272, 969508, 11792, 0.8710377520132503)
('12.tif', 59406, 3745, 977125, 8300, 0.90795295628052)
('13.tif', 61005, 3175, 975120, 9276, 0.9074006589271238)
('14.tif', 80721, 6944, 950731, 10180, 0.9041026847216156)
('15.tif', 80079, 5868, 951672, 10957, 0.9049343722278411)
('16.tif', 70851, 4707, 962430, 10588, 0.9025777562628585)
('17.tif', 69088, 3103, 958171, 18214, 0.866345231452164)
('18.tif', 62496, 1837, 963699, 20544, 0.8481336472759596)
('19.tif', 75530, 3727, 949208, 20111, 0.8637034157051539)
('2.tif', 77152, 19066, 940877, 11481, 0.8347479862159253)
('20.tif', 72736, 5903, 950533, 19404, 0.8518143331440048)
('21.tif', 82061, 13036, 940054, 13425, 0.861157605872507)
('22.tif', 76271, 7980, 937176, 27149, 0.812816045100202)
('23.tif', 71066, 7442, 953640, 16428, 0.8562065517282924)
('24.tif', 65862, 2418, 949055, 31241, 0.7964784772316381)
('25.tif', 83384, 11025, 944659, 9508, 0.8903743172754016)
('26.tif', 80048, 4917, 946575, 17036, 0.8794115869903157)
('27.tif', 77399, 8753, 950994, 11430, 0.884656048370966)
('28.tif', 74054, 11420, 951847, 11255, 0.8672291738639092)
('29.tif', 80285, 10374, 942752, 15165, 0.8627739657942388)
('3.tif', 63347, 11828, 948958, 24443, 0.7774307366612463)
('30.tif', 74480, 9992, 951643, 12461, 0.8690122686143992)
('4.tif', 79634, 14648, 937286, 17008, 0.8341958056608912)
('5.tif', 66239, 6776, 956033, 19528, 0.8343389049136553)
('6.tif', 64903, 11198, 946246, 26229, 0.7761984775732063)
('7.tif', 79115, 9083, 948387, 11991, 0.8824677642439656)
('8.tif', 73666, 12550, 942484, 19876, 0.8196130353030185)
('9.tif', 87250, 16346, 932688, 12292, 0.8590219456724001)
('meanDice', 0.859)
/_predsToRemove/IOSTAR/1/ ==> /_predsToRemove/IOSTAR/1_c0001/
5 : 73 => 34 | [42558, 15407, 14921, 2900, 2264, 1682, 1540, 636, 611, 341, 328, 274, 230, 197, 188, 170, 167, 125, 118, 114, 106, 106, 97, 97, 78, 73, 71, 69, 57, 57, 51, 48, 44, 43]
18 : 68 => 22 | [41929, 36512, 3021, 2745, 1305, 364, 357, 350, 282, 199, 184, 174, 159, 131, 102, 78, 77, 64, 57, 55, 45, 45]
15 : 67 => 14 | [48275, 35328, 2296, 1351, 1323, 1018, 781, 751, 706, 364, 120, 87, 61, 56]
4 : 95 => 28 | [45094, 33974, 4991, 3119, 2234, 955, 735, 477, 427, 414, 376, 370, 340, 268, 194, 181, 178, 128, 123, 119, 103, 102, 90, 70, 58, 54, 50, 46]
13 : 48 => 23 | [19738, 11737, 10856, 10173, 7022, 4780, 4764, 4672, 604, 545, 470, 456, 374, 265, 234, 186, 143, 101, 97, 96, 76, 52, 29]
9 : 36 => 14 | [52225, 26306, 17576, 791, 771, 336, 335, 201, 162, 96, 87, 83, 82, 73]
12 : 40 => 15 | [34155, 17836, 7577, 6546, 2973, 2533, 451, 295, 252, 221, 202, 167, 162, 91, 36]
1 : 88 => 21 | [81599, 2918, 1798, 967, 801, 625, 479, 277, 245, 225, 205, 173, 147, 137, 120, 111, 102, 100, 100, 87, 85]
2 : 70 => 38 | [24785, 15784, 12990, 11677, 11301, 3133, 2989, 1530, 1082, 1018, 951, 823, 347, 314, 280, 203, 200, 197, 161, 135, 129, 100, 91, 83, 75, 70, 63, 54, 51, 46, 43, 42, 40, 38, 31, 29, 28, 25]
11 : 34 => 20 | [21056, 17234, 9351, 6940, 4094, 4028, 3991, 2513, 1017, 951, 613, 324, 215, 202, 106, 73, 27, 24, 24, 22]
10 : 16 => 10 | [24048, 17973, 8707, 8426, 7855, 4785, 4473, 582, 469, 173]
14 : 60 => 10 | [49974, 35383, 2103, 1743, 1507, 1213, 812, 568, 529, 63]
23 : 61 => 10 | [45364, 35139, 3402, 1632, 721, 658, 188, 93, 56, 51]
16 : 84 => 18 | [39099, 37472, 3160, 2240, 1520, 1199, 811, 520, 319, 91, 81, 58, 57, 54, 50, 46, 40, 40]
22 : 50 => 10 | [49822, 48694, 1020, 884, 703, 255, 88, 79, 64, 52]
28 : 54 => 10 | [46127, 31622, 3101, 1631, 1265, 816, 514, 389, 186, 86]
3 : 123 => 47 | [26764, 18459, 12266, 11621, 8388, 5219, 1913, 1743, 1206, 748, 416, 326, 290, 244, 234, 175, 168, 139, 134, 126, 112, 100, 92, 90, 89, 83, 83, 74, 56, 56, 55, 53, 48, 47, 46, 44, 42, 39, 38, 38, 32, 32, 31, 31, 29, 27, 27]
21 : 62 => 19 | [27579, 20580, 17195, 6341, 5553, 5097, 4042, 3739, 3115, 3006, 802, 460, 124, 46, 34, 31, 29, 29, 28]
25 : 54 => 9 | [49896, 20653, 16932, 4477, 1816, 1112, 1087, 75, 75]
7 : 46 => 12 | [48795, 36394, 2390, 1197, 699, 696, 696, 541, 366, 250, 153, 66]
30 : 64 => 19 | [27110, 26172, 23104, 4686, 1134, 1050, 846, 788, 584, 302, 190, 183, 158, 113, 92, 79, 77, 51, 46]
8 : 56 => 20 | [51338, 33330, 2204, 2026, 1140, 724, 604, 586, 473, 403, 391, 335, 253, 250, 199, 178, 95, 87, 63, 55]
17 : 47 => 10 | [47382, 37647, 3904, 1383, 605, 134, 101, 69, 61, 52]
20 : 91 => 14 | [47021, 38997, 1638, 1621, 644, 162, 152, 141, 99, 90, 66, 56, 53, 51]
29 : 38 => 18 | [47878, 36907, 3791, 1905, 1424, 1360, 1127, 999, 647, 581, 439, 261, 184, 153, 130, 108, 83, 60]
6 : 104 => 47 | [37416, 34621, 5515, 4260, 1391, 1152, 918, 753, 460, 426, 323, 283, 280, 216, 214, 209, 189, 170, 170, 159, 145, 124, 119, 110, 109, 102, 96, 85, 81, 68, 68, 67, 63, 61, 60, 57, 55, 54, 49, 49, 45, 44, 41, 41, 39, 39, 39]
24 : 28 => 11 | [88125, 3543, 1881, 995, 866, 841, 681, 534, 467, 418, 250]
26 : 35 => 7 | [47564, 43257, 3944, 723, 659, 258, 99]
19 : 68 => 15 | [51460, 36763, 2022, 1532, 518, 503, 446, 379, 350, 288, 125, 85, 65, 60, 55]
27 : 75 => 10 | [41948, 40803, 1718, 1368, 1023, 948, 775, 569, 66, 47]
/_predsToRemove/IOSTAR/1_c0001/ ==> /data/IOSTAR/targetVessels/1024x1024/all/
colorMode : Grayscale
daMode : ['noDA']
imageToTensor length: 30
('imgName', 'TP', 'FP', 'TN', 'FN', 'DICE')
('1.tif', 68585, 14199, 943076, 22716, 0.7879484160036764)
('10.tif', 73158, 4817, 966268, 4333, 0.9411446875844236)
('11.tif', 62540, 4736, 971035, 10265, 0.8929119580813958)
('12.tif', 60844, 2307, 972772, 12653, 0.8905216322229378)
('13.tif', 62480, 1700, 969406, 14990, 0.8821743734557007)
('14.tif', 81653, 6012, 948669, 12242, 0.8994602335316149)
('15.tif', 80532, 5415, 950644, 11985, 0.9025013448090371)
('16.tif', 71620, 3938, 957781, 15237, 0.8819382446202629)
('17.tif', 69616, 2575, 954663, 21722, 0.8514208489014181)
('18.tif', 63097, 1236, 959105, 25138, 0.8271328194641078)
('19.tif', 75461, 3796, 950129, 19190, 0.8678266669733422)
('2.tif', 77917, 18301, 939337, 13021, 0.8326422877171985)
('20.tif', 73346, 5293, 952492, 17445, 0.865797084341616)
('21.tif', 83830, 11267, 939479, 14000, 0.8690333649515102)
('22.tif', 76348, 7903, 939012, 25313, 0.8213348250785317)
('23.tif', 71747, 6761, 954511, 15557, 0.8654017803295299)
('24.tif', 66185, 2095, 947880, 32416, 0.7931999448708961)
('25.tif', 85869, 8540, 943913, 10254, 0.9013604014023892)
('26.tif', 79645, 5320, 946752, 16859, 0.8777807779841185)
('27.tif', 77705, 8447, 950864, 11560, 0.8859460599599811)
('28.tif', 74408, 11066, 951773, 11329, 0.8691964885433763)
('29.tif', 81146, 9513, 941026, 16891, 0.86007122567516)
('3.tif', 64021, 11154, 945349, 28052, 0.7655816512006123)
('30.tif', 73921, 10551, 951260, 12844, 0.8633764898941233)
('4.tif', 77974, 16308, 936998, 17296, 0.8227188317717565)
('5.tif', 65693, 7322, 955486, 20075, 0.8274563397844857)
('6.tif', 64352, 11749, 945792, 26683, 0.7700555236454145)
('7.tif', 79588, 8610, 947723, 12655, 0.8821498439933274)
('8.tif', 74553, 11663, 942179, 20181, 0.8240176844432163)
('9.tif', 86958, 16638, 932814, 12166, 0.8579123914759273)
('meanDice', 0.856)
/_predsToRemove/IOSTAR/2/ ==> /_predsToRemove/IOSTAR/2_c0001/
5 : 70 => 23 | [42722, 31612, 3109, 2166, 1887, 1519, 543, 300, 291, 177, 166, 116, 96, 90, 90, 87, 81, 66, 63, 61, 44, 44, 43]
18 : 65 => 25 | [35264, 31227, 3107, 2530, 1145, 644, 408, 370, 341, 323, 279, 222, 221, 203, 193, 177, 176, 123, 112, 104, 104, 70, 54, 48, 39]
15 : 53 => 16 | [49016, 36578, 1424, 1329, 1290, 1099, 858, 848, 822, 726, 165, 153, 69, 63, 52, 51]
4 : 85 => 29 | [42569, 34151, 4483, 1946, 1135, 961, 579, 576, 513, 448, 346, 335, 329, 252, 170, 165, 163, 141, 141, 139, 136, 113, 103, 95, 90, 88, 69, 56, 46]
13 : 69 => 25 | [18446, 10476, 9328, 8836, 6636, 4304, 4290, 4031, 571, 547, 474, 367, 323, 279, 238, 183, 128, 87, 58, 48, 35, 27, 27, 21, 19]
9 : 42 => 16 | [53159, 25646, 17968, 1167, 786, 268, 222, 173, 145, 134, 110, 100, 91, 72, 69, 63]
12 : 45 => 13 | [32156, 16615, 8764, 6355, 2326, 748, 637, 308, 283, 273, 194, 181, 91]
1 : 80 => 18 | [91125, 823, 600, 429, 318, 258, 220, 206, 198, 198, 188, 184, 137, 122, 116, 111, 107, 101]
2 : 71 => 32 | [21097, 20562, 14096, 11959, 11127, 3254, 3092, 1288, 1136, 997, 794, 372, 367, 332, 201, 199, 166, 97, 77, 72, 57, 54, 50, 44, 41, 40, 28, 28, 27, 23, 23, 22]
11 : 40 => 21 | [20325, 16698, 9280, 6684, 4206, 3938, 2378, 2232, 1225, 909, 554, 526, 472, 392, 140, 129, 73, 52, 29, 29, 23]
10 : 18 => 7 | [33967, 18241, 9387, 8178, 5659, 4442, 86]
14 : 32 => 8 | [50310, 36874, 2704, 2191, 1700, 541, 497, 132]
23 : 47 => 12 | [46797, 21593, 15317, 2251, 1653, 765, 744, 133, 67, 56, 52, 47]
16 : 82 => 22 | [37894, 36742, 2332, 1535, 1317, 1241, 944, 661, 447, 336, 183, 125, 87, 85, 83, 59, 46, 44, 43, 40, 39, 38]
22 : 48 => 13 | [49633, 43016, 5619, 1075, 656, 500, 320, 307, 266, 179, 66, 65, 58]
28 : 42 => 11 | [46962, 25611, 7296, 2009, 1582, 1346, 658, 628, 513, 288, 67]
3 : 124 => 57 | [24177, 19018, 14921, 13659, 4403, 3404, 2270, 1960, 1779, 1158, 981, 674, 589, 412, 387, 306, 298, 266, 262, 261, 261, 242, 159, 157, 145, 137, 134, 128, 123, 107, 95, 77, 73, 72, 65, 64, 63, 60, 57, 56, 53, 52, 49, 48, 43, 42, 41, 39, 38, 37, 36, 32, 30, 30, 30, 28, 27]
21 : 54 => 26 | [26884, 20456, 15609, 6703, 5830, 5375, 4439, 3907, 3141, 3022, 2045, 829, 371, 104, 87, 74, 63, 62, 53, 40, 39, 38, 31, 30, 29, 28]
25 : 39 => 14 | [49742, 20807, 17133, 2906, 1762, 1490, 1223, 1086, 563, 126, 110, 86, 84, 51]
7 : 59 => 19 | [43226, 33867, 2288, 1945, 1015, 832, 672, 626, 574, 491, 323, 308, 242, 186, 130, 126, 98, 84, 77]
30 : 60 => 26 | [26867, 25410, 17432, 4946, 4913, 1168, 1039, 960, 867, 544, 455, 274, 218, 208, 200, 139, 136, 58, 55, 45, 41, 40, 37, 32, 32, 30]
8 : 71 => 19 | [51378, 33253, 2164, 2054, 1535, 772, 654, 474, 389, 343, 307, 273, 270, 262, 180, 136, 103, 72, 55]
17 : 45 => 17 | [44220, 34295, 3598, 1335, 1309, 1021, 714, 436, 308, 282, 252, 247, 148, 88, 86, 54, 53]
20 : 75 => 20 | [47288, 40942, 1793, 1579, 818, 169, 159, 136, 116, 106, 93, 82, 79, 79, 62, 61, 60, 60, 59, 50]
29 : 49 => 23 | [43617, 37880, 2282, 1975, 1678, 1289, 1262, 1078, 1065, 704, 473, 444, 389, 301, 141, 103, 94, 90, 90, 76, 74, 55, 50]
6 : 95 => 43 | [35409, 34008, 4310, 3543, 1156, 748, 553, 371, 360, 340, 327, 231, 230, 205, 189, 176, 142, 133, 124, 120, 117, 115, 112, 111, 97, 86, 85, 84, 79, 75, 74, 74, 72, 67, 60, 59, 56, 56, 50, 42, 40, 38, 38]
24 : 46 => 22 | [71028, 4098, 3679, 1178, 924, 843, 697, 673, 476, 456, 455, 423, 379, 354, 286, 255, 249, 211, 166, 162, 155, 103]
26 : 46 => 9 | [48562, 43377, 3970, 500, 405, 204, 106, 51, 51]
19 : 54 => 13 | [48937, 36446, 1894, 1381, 1182, 445, 415, 285, 253, 180, 88, 75, 50]
27 : 52 => 11 | [42887, 33912, 7696, 1454, 982, 629, 597, 581, 330, 137, 53]
/_predsToRemove/IOSTAR/2_c0001/ ==> /data/IOSTAR/targetVessels/1024x1024/all/
colorMode : Grayscale
daMode : ['noDA']
imageToTensor length: 30
('imgName', 'TP', 'FP', 'TN', 'FN', 'DICE')
('1.tif', 69679, 13105, 940030, 25762, 0.7819217281526161)
('10.tif', 74036, 3939, 964677, 5924, 0.9375502580175389)
('11.tif', 60449, 6827, 971455, 9845, 0.8788107872355891)
('12.tif', 60026, 3125, 976520, 8905, 0.9089202162293121)
('13.tif', 61054, 3126, 975671, 8725, 0.9115326331190887)
('14.tif', 82594, 5071, 948556, 12355, 0.9045746766403452)
('15.tif', 81534, 4413, 949620, 13009, 0.9034738766690675)
('16.tif', 71567, 3991, 960264, 12754, 0.8952645438112573)
('17.tif', 69192, 2999, 957131, 19254, 0.8614702714816637)
('18.tif', 61430, 2903, 968189, 16054, 0.8663277322182813)
('19.tif', 74696, 4561, 952384, 16935, 0.8742100088947147)
('2.tif', 78569, 17649, 939205, 13153, 0.8361072682771097)
('20.tif', 74070, 4569, 950216, 19721, 0.8591312416632837)
('21.tif', 84046, 11051, 938236, 15243, 0.8647330569073904)
('22.tif', 76237, 8014, 938802, 25523, 0.8197042110412825)
('23.tif', 72060, 6448, 952653, 17415, 0.8579439586148598)
('24.tif', 65023, 3257, 958069, 22227, 0.8361473670674467)
('25.tif', 86236, 8173, 943234, 10933, 0.900270385952458)
('26.tif', 79652, 5313, 946037, 17574, 0.8743790856848033)
('27.tif', 77563, 8589, 950729, 11695, 0.8843623510632233)
('28.tif', 74583, 10891, 950725, 12377, 0.8650614148021852)
('29.tif', 80022, 10637, 942729, 15188, 0.8610580570186529)
('3.tif', 65328, 9847, 944614, 28787, 0.7717880559985824)
('30.tif', 73633, 10839, 951591, 12513, 0.8631328464757528)
('4.tif', 76045, 18237, 940001, 14293, 0.8238002383273751)
('5.tif', 66578, 6437, 956766, 18795, 0.8406950021466273)
('6.tif', 63234, 12867, 951347, 21128, 0.7881443074104311)
('7.tif', 76889, 11309, 950157, 10221, 0.8771875784333858)
('8.tif', 73462, 12754, 941148, 21212, 0.8122284261153186)
('9.tif', 87200, 16396, 932007, 12973, 0.8558711089518033)
('meanDice', 0.861)
