/_predsToRemove/IOSTAR/0/ ==> /_predsToRemove/IOSTAR/0_c00001/
5 : 71 => 60 | [29812, 29284, 15857, 2851, 1803, 1470, 926, 641, 375, 307, 283, 266, 241, 196, 191, 168, 135, 125, 123, 106, 94, 88, 86, 77, 69, 56, 54, 42, 41, 29, 28, 28, 28, 24, 22, 18, 17, 14, 13, 12, 11, 11, 11, 10, 8, 8, 7, 7, 7, 6, 6, 6, 6, 5, 5, 3, 3, 3, 3, 3]
18 : 55 => 42 | [39999, 33628, 2670, 2553, 1223, 373, 338, 323, 302, 294, 251, 232, 183, 172, 112, 84, 76, 67, 60, 52, 48, 37, 36, 33, 21, 17, 11, 10, 10, 9, 9, 8, 7, 7, 5, 5, 5, 4, 4, 4, 4, 4]
15 : 52 => 42 | [46938, 34586, 1434, 1305, 1288, 990, 893, 844, 823, 717, 458, 450, 121, 77, 62, 50, 44, 40, 38, 37, 32, 30, 28, 28, 15, 14, 11, 11, 10, 10, 10, 10, 9, 9, 9, 8, 7, 6, 6, 5, 5, 5]
4 : 81 => 56 | [45341, 38147, 3159, 2223, 1956, 643, 603, 590, 379, 359, 329, 323, 284, 243, 232, 228, 181, 173, 160, 153, 141, 136, 135, 88, 85, 76, 66, 57, 57, 49, 46, 43, 41, 36, 32, 31, 22, 20, 20, 15, 13, 13, 11, 10, 10, 10, 10, 8, 8, 8, 7, 7, 7, 6, 5, 5]
13 : 37 => 33 | [24721, 10698, 9259, 9151, 4468, 4456, 4152, 523, 452, 439, 299, 296, 291, 231, 202, 165, 161, 96, 79, 54, 52, 36, 19, 19, 10, 9, 6, 6, 6, 5, 4, 4, 3]
9 : 44 => 35 | [35099, 26215, 18084, 17879, 428, 333, 228, 203, 192, 139, 109, 102, 90, 88, 80, 63, 62, 57, 47, 44, 32, 26, 22, 18, 18, 14, 12, 11, 9, 7, 6, 5, 5, 5, 4]
12 : 29 => 25 | [30938, 15810, 6604, 6202, 2471, 2183, 850, 797, 293, 268, 241, 204, 203, 161, 140, 108, 85, 72, 38, 38, 24, 20, 12, 5, 4]
1 : 50 => 35 | [84075, 2866, 1021, 691, 606, 543, 283, 232, 225, 222, 217, 203, 188, 170, 142, 134, 119, 100, 73, 49, 41, 37, 32, 29, 23, 22, 17, 15, 14, 13, 13, 12, 11, 10, 9]
2 : 62 => 57 | [19516, 19339, 12796, 11591, 11117, 3475, 2653, 1426, 1071, 1008, 654, 593, 393, 324, 271, 253, 249, 198, 191, 166, 160, 149, 134, 125, 108, 98, 86, 81, 67, 66, 45, 44, 43, 32, 26, 22, 22, 21, 20, 19, 17, 16, 15, 9, 8, 5, 5, 4, 3, 3, 3, 3, 3, 2, 2, 2, 2]
11 : 28 => 23 | [21150, 17449, 10653, 6777, 4494, 4159, 2483, 2145, 1005, 866, 721, 381, 195, 180, 138, 17, 14, 10, 8, 8, 5, 4, 3]
10 : 16 => 14 | [32357, 17201, 8473, 7865, 4955, 4535, 578, 72, 51, 12, 7, 7, 5, 4]
14 : 43 => 31 | [48369, 35201, 2649, 1972, 1582, 544, 445, 80, 59, 35, 33, 32, 26, 25, 23, 21, 16, 14, 13, 10, 10, 10, 10, 10, 9, 7, 7, 7, 5, 5, 5]
23 : 49 => 30 | [44430, 38336, 1783, 871, 762, 753, 144, 112, 79, 63, 58, 52, 51, 42, 41, 27, 24, 17, 15, 12, 12, 12, 11, 10, 9, 8, 7, 7, 6, 5]
16 : 49 => 36 | [36545, 36142, 2236, 1649, 1321, 1133, 1053, 673, 125, 110, 106, 73, 69, 58, 54, 47, 45, 32, 30, 29, 29, 28, 23, 20, 17, 14, 14, 12, 12, 11, 11, 8, 5, 4, 4, 4]
22 : 40 => 33 | [51173, 49164, 965, 559, 324, 310, 207, 165, 144, 124, 81, 80, 68, 56, 43, 42, 28, 26, 26, 24, 20, 15, 13, 13, 13, 11, 10, 9, 7, 7, 7, 6, 6]
28 : 48 => 37 | [46241, 31499, 2145, 1553, 1312, 700, 700, 388, 216, 97, 79, 76, 74, 71, 61, 50, 47, 37, 37, 28, 23, 21, 20, 19, 15, 14, 14, 13, 12, 11, 11, 11, 9, 8, 7, 6, 6]
3 : 102 => 93 | [25601, 17171, 15283, 12281, 4380, 3457, 1404, 1153, 892, 863, 472, 444, 373, 333, 332, 314, 237, 196, 194, 187, 177, 158, 141, 121, 108, 102, 99, 89, 88, 80, 77, 76, 75, 72, 69, 64, 62, 59, 53, 52, 51, 49, 42, 41, 38, 34, 31, 31, 29, 28, 27, 25, 24, 24, 24, 22, 21, 21, 20, 19, 18, 15, 14, 13, 12, 10, 10, 10, 10, 9, 9, 9, 8, 8, 7, 7, 7, 6, 6, 6, 6, 5, 5, 5, 5, 4, 4, 4, 4, 3, 3, 3, 3]
21 : 49 => 44 | [27281, 20163, 15164, 5361, 5014, 4195, 3525, 3150, 3058, 2781, 2252, 1905, 744, 412, 99, 81, 62, 55, 43, 41, 37, 35, 28, 26, 26, 24, 22, 21, 20, 18, 16, 12, 9, 8, 8, 7, 6, 4, 4, 4, 4, 3, 3, 3]
25 : 57 => 46 | [48832, 17619, 16419, 4316, 1816, 1160, 1065, 919, 263, 81, 79, 78, 75, 58, 56, 56, 47, 44, 43, 33, 33, 28, 26, 25, 19, 18, 17, 15, 12, 11, 11, 10, 10, 9, 8, 8, 7, 7, 7, 7, 7, 7, 6, 5, 5, 5]
7 : 31 => 22 | [49225, 35343, 2439, 1161, 738, 644, 546, 466, 206, 147, 126, 65, 43, 31, 21, 18, 17, 13, 8, 7, 6, 5]
30 : 45 => 39 | [28837, 27143, 17725, 4842, 4826, 1162, 859, 786, 255, 113, 92, 69, 62, 58, 50, 33, 29, 26, 23, 19, 15, 12, 12, 11, 10, 10, 10, 9, 8, 8, 7, 6, 6, 5, 5, 4, 3, 3, 3]
8 : 53 => 39 | [50987, 31921, 2183, 2093, 1250, 633, 610, 453, 433, 384, 354, 332, 280, 274, 263, 235, 189, 178, 173, 125, 75, 59, 58, 47, 40, 40, 38, 36, 33, 32, 25, 22, 13, 11, 11, 10, 9, 7, 6]
17 : 39 => 31 | [46022, 33043, 3626, 1667, 1256, 1035, 279, 139, 119, 63, 53, 41, 32, 30, 30, 24, 20, 20, 17, 15, 15, 14, 13, 13, 12, 12, 10, 9, 8, 6, 5]
20 : 84 => 63 | [42058, 37891, 5785, 1684, 1557, 780, 696, 144, 116, 114, 108, 86, 84, 83, 83, 75, 71, 68, 66, 59, 56, 55, 53, 51, 48, 48, 45, 45, 44, 44, 43, 35, 30, 29, 24, 24, 23, 22, 20, 19, 18, 18, 17, 17, 16, 15, 14, 13, 12, 12, 10, 10, 9, 9, 9, 9, 9, 8, 8, 7, 6, 6, 5]
29 : 34 => 27 | [44499, 39094, 3618, 1744, 1308, 1089, 1016, 963, 641, 529, 349, 197, 116, 110, 67, 62, 48, 25, 21, 16, 11, 11, 10, 9, 9, 7, 6]
6 : 86 => 68 | [38922, 34408, 4489, 4128, 2443, 905, 831, 518, 478, 423, 333, 315, 259, 244, 238, 197, 193, 189, 182, 175, 154, 123, 110, 100, 84, 69, 69, 67, 65, 58, 52, 51, 47, 47, 46, 41, 40, 39, 38, 33, 32, 27, 26, 25, 20, 20, 20, 20, 19, 17, 17, 15, 14, 12, 10, 10, 9, 8, 8, 8, 7, 6, 5, 5, 5, 5, 4, 4]
24 : 36 => 25 | [44651, 41868, 4608, 1234, 928, 906, 879, 504, 470, 445, 435, 112, 63, 29, 26, 23, 18, 16, 14, 9, 9, 9, 9, 7, 7]
26 : 40 => 26 | [48597, 43214, 3668, 1209, 145, 126, 65, 60, 37, 32, 28, 25, 16, 16, 15, 15, 14, 10, 10, 7, 7, 7, 7, 7, 6, 5]
19 : 47 => 37 | [51355, 37907, 2063, 1591, 629, 467, 397, 361, 233, 203, 151, 84, 78, 70, 52, 48, 42, 40, 38, 32, 30, 29, 29, 28, 25, 20, 18, 14, 12, 11, 10, 9, 9, 8, 8, 8, 7]
27 : 68 => 45 | [41606, 40760, 2858, 1521, 664, 621, 210, 195, 79, 76, 55, 49, 48, 44, 43, 41, 35, 32, 32, 31, 29, 28, 27, 22, 17, 17, 15, 15, 15, 13, 13, 13, 11, 10, 10, 9, 9, 9, 8, 8, 7, 6, 6, 6, 5]
/_predsToRemove/IOSTAR/0_c00001/ ==> /data/IOSTAR/targetVessels/1024x1024/all/
colorMode : Grayscale
daMode : ['noDA']
imageToTensor length: 30
('imgName', 'TP', 'FP', 'TN', 'FN', 'DICE')
('1.tif', 70161, 12623, 943496, 22296, 0.8007372703876376)
('10.tif', 71765, 6210, 966244, 4357, 0.9314263094025191)
('11.tif', 61004, 6272, 969439, 11861, 0.8706088867640448)
('12.tif', 59434, 3717, 977088, 8337, 0.9079299124669651)
('13.tif', 61028, 3152, 975052, 9344, 0.907128842380641)
('14.tif', 80721, 6944, 950398, 10513, 0.9024198011168313)
('15.tif', 80079, 5868, 951235, 11394, 0.9027054447074738)
('16.tif', 70880, 4678, 962152, 10866, 0.9011849666887046)
('17.tif', 69160, 3031, 957897, 18488, 0.8653707793467177)
('18.tif', 62528, 1805, 963481, 20762, 0.8471308671412991)
('19.tif', 75570, 3687, 948773, 20546, 0.8618202345857116)
('2.tif', 77206, 19012, 940810, 11548, 0.8347858054191986)
('20.tif', 72760, 5879, 950074, 19863, 0.8496922843362801)
('21.tif', 82087, 13010, 939832, 13647, 0.8603109557671448)
('22.tif', 76280, 7971, 936859, 27466, 0.8115023112070937)
('23.tif', 71077, 7431, 953386, 16682, 0.8549742281992218)
('24.tif', 65884, 2396, 948901, 31395, 0.7958975350177279)
('25.tif', 83491, 10918, 944276, 9891, 0.889190642789058)
('26.tif', 80087, 4878, 946350, 17261, 0.8785659826781415)
('27.tif', 77444, 8708, 950540, 11884, 0.8826532938226579)
('28.tif', 74067, 11407, 951538, 11564, 0.8657491014289471)
('29.tif', 80348, 10311, 942690, 15227, 0.8628714413050249)
('3.tif', 63357, 11818, 948520, 24881, 0.775421784068587)
('30.tif', 74510, 9962, 951458, 12646, 0.868273242128324)
('4.tif', 79686, 14596, 936940, 17354, 0.8330040455357983)
('5.tif', 66300, 6715, 955732, 19829, 0.8332076609862766)
('6.tif', 65026, 11075, 945920, 26555, 0.7755871232451903)
('7.tif', 79140, 9058, 948243, 12135, 0.8819153856011768)
('8.tif', 73722, 12494, 942160, 20200, 0.8185058122106386)
('9.tif', 87327, 16269, 932571, 12409, 0.8589597308834812)
('meanDice', 0.858)
/_predsToRemove/IOSTAR/1/ ==> /_predsToRemove/IOSTAR/1_c00001/
5 : 73 => 62 | [42558, 15407, 14921, 2900, 2264, 1682, 1540, 636, 611, 341, 328, 274, 230, 197, 188, 170, 167, 125, 118, 114, 106, 106, 97, 97, 78, 73, 71, 69, 57, 57, 51, 48, 44, 43, 42, 38, 35, 30, 27, 26, 21, 21, 20, 18, 17, 17, 16, 15, 15, 14, 13, 12, 11, 10, 9, 9, 7, 7, 6, 6, 5, 5]
18 : 68 => 49 | [41929, 36512, 3021, 2745, 1305, 364, 357, 350, 282, 199, 184, 174, 159, 131, 102, 78, 77, 64, 57, 55, 45, 45, 38, 37, 30, 26, 25, 20, 19, 19, 18, 17, 15, 14, 13, 12, 11, 10, 9, 9, 8, 7, 7, 7, 6, 5, 5, 5, 5]
15 : 67 => 51 | [48275, 35328, 2296, 1351, 1323, 1018, 781, 751, 706, 364, 120, 87, 61, 56, 40, 33, 28, 27, 26, 26, 24, 23, 21, 21, 20, 16, 15, 13, 13, 12, 11, 10, 10, 10, 9, 9, 9, 9, 8, 7, 7, 6, 6, 6, 6, 5, 5, 5, 5, 5, 5]
4 : 95 => 68 | [45094, 33974, 4991, 3119, 2234, 955, 735, 477, 427, 414, 376, 370, 340, 268, 194, 181, 178, 128, 123, 119, 103, 102, 90, 70, 58, 54, 50, 46, 44, 42, 37, 34, 34, 28, 27, 26, 25, 24, 22, 20, 19, 19, 17, 15, 15, 15, 14, 13, 12, 12, 11, 11, 11, 10, 10, 10, 10, 10, 10, 9, 9, 8, 8, 7, 6, 6, 5, 5]
13 : 48 => 44 | [19738, 11737, 10856, 10173, 7022, 4780, 4764, 4672, 604, 545, 470, 456, 374, 265, 234, 186, 143, 101, 97, 96, 76, 52, 29, 16, 15, 15, 15, 15, 14, 13, 12, 12, 12, 10, 9, 9, 7, 7, 6, 6, 5, 5, 5, 3]
9 : 36 => 22 | [52225, 26306, 17576, 791, 771, 336, 335, 201, 162, 96, 87, 83, 82, 73, 50, 50, 34, 16, 12, 10, 8, 6]
12 : 40 => 28 | [34155, 17836, 7577, 6546, 2973, 2533, 451, 295, 252, 221, 202, 167, 162, 91, 36, 27, 25, 18, 13, 12, 12, 10, 9, 9, 9, 6, 5, 4]
1 : 88 => 52 | [81599, 2918, 1798, 967, 801, 625, 479, 277, 245, 225, 205, 173, 147, 137, 120, 111, 102, 100, 100, 87, 85, 72, 68, 68, 58, 57, 57, 52, 46, 45, 44, 39, 34, 33, 32, 30, 29, 28, 27, 19, 18, 18, 15, 13, 12, 11, 11, 10, 10, 10, 9, 9]
2 : 70 => 63 | [24785, 15784, 12990, 11677, 11301, 3133, 2989, 1530, 1082, 1018, 951, 823, 347, 314, 280, 203, 200, 197, 161, 135, 129, 100, 91, 83, 75, 70, 63, 54, 51, 46, 43, 42, 40, 38, 31, 29, 28, 25, 22, 21, 13, 13, 12, 11, 11, 11, 11, 11, 11, 9, 9, 8, 8, 8, 7, 6, 6, 6, 5, 5, 3, 3, 3]
11 : 34 => 29 | [21056, 17234, 9351, 6940, 4094, 4028, 3991, 2513, 1017, 951, 613, 324, 215, 202, 106, 73, 27, 24, 24, 22, 20, 15, 11, 11, 8, 6, 6, 6, 3]
10 : 16 => 11 | [24048, 17973, 8707, 8426, 7855, 4785, 4473, 582, 469, 173, 3]
14 : 60 => 39 | [49974, 35383, 2103, 1743, 1507, 1213, 812, 568, 529, 63, 49, 45, 38, 31, 30, 24, 24, 23, 21, 21, 21, 21, 17, 15, 12, 11, 10, 8, 8, 8, 7, 6, 6, 6, 6, 5, 5, 5, 5]
23 : 61 => 40 | [45364, 35139, 3402, 1632, 721, 658, 188, 93, 56, 51, 45, 38, 31, 29, 22, 21, 19, 19, 18, 18, 16, 14, 13, 13, 12, 11, 11, 9, 9, 9, 9, 8, 7, 7, 7, 7, 6, 5, 5, 5]
16 : 84 => 64 | [39099, 37472, 3160, 2240, 1520, 1199, 811, 520, 319, 91, 81, 58, 57, 54, 50, 46, 40, 40, 38, 38, 34, 31, 30, 25, 22, 19, 19, 18, 17, 17, 16, 15, 14, 14, 13, 12, 12, 12, 12, 12, 11, 11, 10, 10, 10, 9, 9, 9, 8, 6, 6, 6, 6, 6, 5, 5, 5, 5, 4, 4, 4, 4, 4, 4]
22 : 50 => 34 | [49822, 48694, 1020, 884, 703, 255, 88, 79, 64, 52, 45, 33, 33, 32, 25, 21, 18, 16, 16, 15, 11, 10, 9, 9, 8, 8, 7, 7, 6, 6, 6, 5, 5, 5]
28 : 54 => 36 | [46127, 31622, 3101, 1631, 1265, 816, 514, 389, 186, 86, 46, 39, 33, 29, 26, 23, 22, 19, 18, 16, 15, 14, 11, 10, 10, 9, 9, 8, 7, 7, 7, 6, 6, 5, 5, 5]
3 : 123 => 96 | [26764, 18459, 12266, 11621, 8388, 5219, 1913, 1743, 1206, 748, 416, 326, 290, 244, 234, 175, 168, 139, 134, 126, 112, 100, 92, 90, 89, 83, 83, 74, 56, 56, 55, 53, 48, 47, 46, 44, 42, 39, 38, 38, 32, 32, 31, 31, 29, 27, 27, 26, 25, 21, 20, 20, 19, 18, 18, 15, 15, 13, 13, 12, 12, 12, 11, 11, 11, 10, 10, 10, 9, 9, 8, 8, 8, 7, 6, 6, 6, 6, 6, 6, 5, 5, 4, 4, 4, 4, 4, 4, 4, 4, 4, 3, 3, 3, 3, 3]
21 : 62 => 55 | [27579, 20580, 17195, 6341, 5553, 5097, 4042, 3739, 3115, 3006, 802, 460, 124, 46, 34, 31, 29, 29, 28, 26, 24, 23, 19, 16, 16, 16, 15, 15, 13, 13, 13, 12, 11, 11, 10, 10, 9, 9, 8, 8, 8, 7, 7, 7, 7, 6, 5, 5, 5, 4, 4, 4, 3, 3, 3]
25 : 54 => 39 | [49896, 20653, 16932, 4477, 1816, 1112, 1087, 75, 75, 31, 31, 29, 29, 25, 24, 22, 21, 20, 20, 20, 19, 18, 17, 17, 15, 12, 12, 11, 11, 11, 11, 11, 11, 10, 10, 7, 7, 5, 5]
7 : 46 => 34 | [48795, 36394, 2390, 1197, 699, 696, 696, 541, 366, 250, 153, 66, 42, 42, 34, 29, 26, 19, 18, 17, 13, 12, 11, 11, 9, 9, 8, 8, 8, 6, 6, 5, 5, 5]
30 : 64 => 50 | [27110, 26172, 23104, 4686, 1134, 1050, 846, 788, 584, 302, 190, 183, 158, 113, 92, 79, 77, 51, 46, 27, 24, 23, 22, 16, 15, 11, 10, 10, 9, 9, 9, 9, 9, 9, 8, 8, 7, 7, 5, 5, 5, 5, 4, 4, 4, 3, 3, 3, 3, 3]
8 : 56 => 46 | [51338, 33330, 2204, 2026, 1140, 724, 604, 586, 473, 403, 391, 335, 253, 250, 199, 178, 95, 87, 63, 55, 49, 45, 38, 35, 29, 23, 19, 18, 17, 15, 13, 11, 11, 10, 9, 9, 8, 8, 7, 7, 6, 6, 6, 6, 6, 6]
17 : 47 => 35 | [47382, 37647, 3904, 1383, 605, 134, 101, 69, 61, 52, 45, 44, 40, 25, 20, 18, 18, 18, 13, 12, 12, 11, 10, 9, 9, 9, 9, 9, 7, 7, 6, 5, 5, 5, 5]
20 : 91 => 67 | [47021, 38997, 1638, 1621, 644, 162, 152, 141, 99, 90, 66, 56, 53, 51, 43, 42, 38, 37, 34, 33, 29, 29, 25, 24, 22, 22, 21, 21, 21, 20, 18, 17, 17, 16, 15, 15, 15, 13, 12, 12, 11, 11, 11, 10, 10, 10, 9, 8, 8, 8, 8, 7, 7, 7, 6, 6, 6, 6, 6, 6, 6, 5, 5, 5, 5, 5, 5]
29 : 38 => 28 | [47878, 36907, 3791, 1905, 1424, 1360, 1127, 999, 647, 581, 439, 261, 184, 153, 130, 108, 83, 60, 31, 24, 22, 21, 20, 14, 13, 8, 7, 5]
6 : 104 => 88 | [37416, 34621, 5515, 4260, 1391, 1152, 918, 753, 460, 426, 323, 283, 280, 216, 214, 209, 189, 170, 170, 159, 145, 124, 119, 110, 109, 102, 96, 85, 81, 68, 68, 67, 63, 61, 60, 57, 55, 54, 49, 49, 45, 44, 41, 41, 39, 39, 39, 37, 28, 25, 25, 22, 22, 22, 21, 21, 20, 18, 15, 15, 14, 14, 13, 13, 13, 13, 12, 12, 12, 11, 11, 10, 9, 9, 8, 8, 8, 6, 6, 5, 5, 4, 4, 4, 4, 4, 4, 4]
24 : 28 => 17 | [88125, 3543, 1881, 995, 866, 841, 681, 534, 467, 418, 250, 33, 24, 22, 18, 14, 14]
26 : 35 => 25 | [47564, 43257, 3944, 723, 659, 258, 99, 45, 38, 35, 34, 29, 27, 24, 23, 17, 16, 16, 13, 11, 7, 7, 7, 7, 5]
19 : 68 => 48 | [51460, 36763, 2022, 1532, 518, 503, 446, 379, 350, 288, 125, 85, 65, 60, 55, 43, 40, 38, 37, 31, 22, 22, 22, 22, 20, 20, 19, 17, 17, 15, 15, 14, 14, 14, 12, 10, 10, 9, 9, 8, 7, 6, 6, 6, 6, 6, 6, 6]
27 : 75 => 46 | [41948, 40803, 1718, 1368, 1023, 948, 775, 569, 66, 47, 36, 34, 31, 31, 28, 26, 23, 18, 18, 16, 16, 14, 12, 12, 12, 11, 11, 10, 9, 9, 9, 9, 8, 8, 7, 7, 7, 6, 6, 6, 6, 6, 5, 5, 5, 5]
/_predsToRemove/IOSTAR/1_c00001/ ==> /data/IOSTAR/targetVessels/1024x1024/all/
colorMode : Grayscale
daMode : ['noDA']
imageToTensor length: 30
('imgName', 'TP', 'FP', 'TN', 'FN', 'DICE')
('1.tif', 68941, 13843, 942448, 23344, 0.7875866087085663)
('10.tif', 73158, 4817, 966265, 4336, 0.9411265268317156)
('11.tif', 62553, 4723, 970962, 10338, 0.8925496015467264)
('12.tif', 60920, 2231, 972689, 12736, 0.8905977033338938)
('13.tif', 62509, 1671, 969224, 15172, 0.8812711034040364)
('14.tif', 81655, 6010, 948183, 12728, 0.8970711021269115)
('15.tif', 80532, 5415, 950133, 12496, 0.8999245704707362)
('16.tif', 71643, 3915, 957203, 15815, 0.8789689355646072)
('17.tif', 69620, 2571, 954296, 22089, 0.84954240390482)
('18.tif', 63142, 1191, 958753, 25490, 0.8255744778217239)
('19.tif', 75463, 3794, 949582, 19737, 0.8651186252199683)
('2.tif', 77965, 18253, 939152, 13206, 0.8321192812811852)
('20.tif', 73354, 5285, 951692, 18245, 0.8617817408569179)
('21.tif', 83840, 11257, 939114, 14365, 0.8674509317027242)
('22.tif', 76348, 7903, 938656, 25669, 0.8197650696845405)
('23.tif', 71769, 6739, 954090, 15978, 0.8633605004360771)
('24.tif', 66185, 2095, 947755, 32541, 0.7926062536675329)
('25.tif', 85869, 8540, 943421, 10746, 0.8990388642264846)
('26.tif', 79693, 5272, 946439, 17172, 0.8765660232084914)
('27.tif', 77709, 8443, 950386, 12038, 0.8835638633534016)
('28.tif', 74441, 11033, 951401, 11701, 0.8675298340481074)
('29.tif', 81197, 9462, 940912, 17005, 0.8598598969612572)
('3.tif', 64087, 11088, 944947, 28454, 0.7642323928545875)
('30.tif', 73952, 10520, 951002, 13102, 0.86228326900878)
('4.tif', 78035, 16247, 936389, 17905, 0.8204624070822513)
('5.tif', 65819, 7196, 955140, 20421, 0.8265862924240998)
('6.tif', 64476, 11625, 945385, 27090, 0.7690958864892913)
('7.tif', 79642, 8556, 947434, 12944, 0.8810735463315338)
('8.tif', 74645, 11571, 941854, 20506, 0.8231376159940893)
('9.tif', 87071, 16525, 932741, 12239, 0.8582397760539363)
('meanDice', 0.855)
/_predsToRemove/IOSTAR/2/ ==> /_predsToRemove/IOSTAR/2_c00001/
5 : 70 => 58 | [42722, 31612, 3109, 2166, 1887, 1519, 543, 300, 291, 177, 166, 116, 96, 90, 90, 87, 81, 66, 63, 61, 44, 44, 43, 42, 40, 38, 32, 31, 30, 25, 24, 24, 23, 23, 22, 20, 19, 17, 16, 15, 14, 13, 13, 13, 12, 11, 11, 9, 8, 8, 8, 8, 7, 6, 6, 6, 5, 5]
18 : 65 => 49 | [35264, 31227, 3107, 2530, 1145, 644, 408, 370, 341, 323, 279, 222, 221, 203, 193, 177, 176, 123, 112, 104, 104, 70, 54, 48, 39, 30, 22, 21, 20, 19, 19, 18, 12, 11, 11, 11, 9, 9, 8, 7, 7, 7, 7, 6, 5, 5, 4, 4, 4]
15 : 53 => 39 | [49016, 36578, 1424, 1329, 1290, 1099, 858, 848, 822, 726, 165, 153, 69, 63, 52, 51, 47, 46, 45, 43, 33, 23, 22, 19, 18, 17, 15, 12, 12, 12, 11, 10, 8, 7, 6, 6, 6, 6, 5]
4 : 85 => 62 | [42569, 34151, 4483, 1946, 1135, 961, 579, 576, 513, 448, 346, 335, 329, 252, 170, 165, 163, 141, 141, 139, 136, 113, 103, 95, 90, 88, 69, 56, 46, 42, 42, 40, 39, 38, 34, 27, 27, 19, 19, 18, 16, 14, 14, 13, 13, 13, 12, 11, 10, 9, 9, 9, 9, 9, 8, 7, 7, 6, 6, 6, 5, 5]
13 : 69 => 62 | [18446, 10476, 9328, 8836, 6636, 4304, 4290, 4031, 571, 547, 474, 367, 323, 279, 238, 183, 128, 87, 58, 48, 35, 27, 27, 21, 19, 17, 16, 15, 12, 11, 11, 10, 10, 10, 9, 9, 8, 7, 7, 6, 6, 4, 4, 4, 4, 4, 4, 4, 3, 3, 3, 3, 3, 3, 3, 3, 2, 2, 2, 2, 2, 2]
9 : 42 => 31 | [53159, 25646, 17968, 1167, 786, 268, 222, 173, 145, 134, 110, 100, 91, 72, 69, 63, 43, 35, 29, 24, 24, 19, 15, 15, 14, 13, 13, 12, 10, 9, 7]
12 : 45 => 33 | [32156, 16615, 8764, 6355, 2326, 748, 637, 308, 283, 273, 194, 181, 91, 30, 30, 25, 18, 14, 13, 12, 11, 10, 9, 8, 8, 8, 7, 6, 6, 5, 5, 5, 4]
1 : 80 => 47 | [91125, 823, 600, 429, 318, 258, 220, 206, 198, 198, 188, 184, 137, 122, 116, 111, 107, 101, 80, 55, 55, 53, 51, 43, 39, 36, 30, 30, 28, 24, 21, 19, 17, 16, 15, 15, 14, 14, 13, 12, 12, 12, 11, 11, 10, 10, 10]
2 : 71 => 62 | [21097, 20562, 14096, 11959, 11127, 3254, 3092, 1288, 1136, 997, 794, 372, 367, 332, 201, 199, 166, 97, 77, 72, 57, 54, 50, 44, 41, 40, 28, 28, 27, 23, 23, 22, 19, 18, 18, 17, 17, 16, 15, 15, 11, 11, 11, 11, 9, 8, 8, 8, 7, 7, 7, 6, 5, 5, 5, 4, 4, 4, 3, 3, 3, 3]
11 : 40 => 30 | [20325, 16698, 9280, 6684, 4206, 3938, 2378, 2232, 1225, 909, 554, 526, 472, 392, 140, 129, 73, 52, 29, 29, 23, 13, 12, 11, 9, 7, 5, 4, 3, 3]
10 : 18 => 14 | [33967, 18241, 9387, 8178, 5659, 4442, 86, 12, 8, 6, 6, 5, 4, 4]
14 : 32 => 21 | [50310, 36874, 2704, 2191, 1700, 541, 497, 132, 37, 36, 28, 26, 24, 13, 13, 12, 10, 9, 9, 8, 8]
23 : 47 => 40 | [46797, 21593, 15317, 2251, 1653, 765, 744, 133, 67, 56, 52, 47, 46, 43, 30, 30, 27, 26, 19, 18, 18, 18, 16, 15, 14, 13, 13, 9, 9, 9, 8, 7, 7, 7, 6, 6, 5, 5, 5, 5]
16 : 82 => 62 | [37894, 36742, 2332, 1535, 1317, 1241, 944, 661, 447, 336, 183, 125, 87, 85, 83, 59, 46, 44, 43, 40, 39, 38, 37, 32, 28, 28, 28, 25, 24, 23, 23, 21, 21, 18, 18, 18, 17, 17, 17, 15, 15, 13, 13, 13, 11, 11, 11, 10, 10, 8, 7, 6, 6, 6, 5, 5, 5, 5, 4, 4, 4, 4]
22 : 48 => 29 | [49633, 43016, 5619, 1075, 656, 500, 320, 307, 266, 179, 66, 65, 58, 41, 37, 35, 34, 25, 23, 21, 17, 15, 14, 13, 12, 10, 9, 7, 7]
28 : 42 => 27 | [46962, 25611, 7296, 2009, 1582, 1346, 658, 628, 513, 288, 67, 28, 25, 15, 13, 13, 13, 12, 11, 10, 9, 9, 9, 6, 5, 5, 5]
3 : 124 => 102 | [24177, 19018, 14921, 13659, 4403, 3404, 2270, 1960, 1779, 1158, 981, 674, 589, 412, 387, 306, 298, 266, 262, 261, 261, 242, 159, 157, 145, 137, 134, 128, 123, 107, 95, 77, 73, 72, 65, 64, 63, 60, 57, 56, 53, 52, 49, 48, 43, 42, 41, 39, 38, 37, 36, 32, 30, 30, 30, 28, 27, 21, 20, 20, 19, 19, 19, 19, 18, 18, 18, 17, 16, 15, 14, 14, 13, 13, 12, 12, 11, 11, 11, 11, 11, 10, 10, 10, 9, 9, 8, 8, 6, 6, 6, 6, 6, 6, 6, 5, 5, 5, 5, 4, 3, 3]
21 : 54 => 47 | [26884, 20456, 15609, 6703, 5830, 5375, 4439, 3907, 3141, 3022, 2045, 829, 371, 104, 87, 74, 63, 62, 53, 40, 39, 38, 31, 30, 29, 28, 26, 24, 22, 15, 13, 12, 11, 9, 9, 7, 7, 6, 6, 6, 5, 3, 3, 3, 3, 3, 3]
25 : 39 => 32 | [49742, 20807, 17133, 2906, 1762, 1490, 1223, 1086, 563, 126, 110, 86, 84, 51, 38, 34, 33, 28, 25, 25, 21, 20, 15, 15, 14, 12, 8, 8, 8, 7, 7, 5]
7 : 59 => 47 | [43226, 33867, 2288, 1945, 1015, 832, 672, 626, 574, 491, 323, 308, 242, 186, 130, 126, 98, 84, 77, 42, 37, 31, 30, 29, 26, 25, 22, 22, 21, 20, 17, 13, 12, 11, 10, 9, 8, 8, 8, 7, 7, 7, 7, 6, 5, 5, 5]
30 : 60 => 52 | [26867, 25410, 17432, 4946, 4913, 1168, 1039, 960, 867, 544, 455, 274, 218, 208, 200, 139, 136, 58, 55, 45, 41, 40, 37, 32, 32, 30, 26, 24, 18, 17, 16, 15, 15, 14, 14, 12, 12, 10, 9, 8, 7, 7, 6, 5, 5, 5, 5, 5, 4, 3, 3, 3]
8 : 71 => 50 | [51378, 33253, 2164, 2054, 1535, 772, 654, 474, 389, 343, 307, 273, 270, 262, 180, 136, 103, 72, 55, 49, 48, 46, 45, 41, 30, 26, 26, 25, 24, 24, 24, 24, 23, 23, 22, 22, 21, 20, 17, 16, 15, 13, 12, 12, 11, 11, 8, 7, 6, 6]
17 : 45 => 36 | [44220, 34295, 3598, 1335, 1309, 1021, 714, 436, 308, 282, 252, 247, 148, 88, 86, 54, 53, 44, 39, 35, 30, 19, 17, 16, 16, 15, 12, 11, 11, 11, 8, 8, 7, 7, 7, 5]
20 : 75 => 53 | [47288, 40942, 1793, 1579, 818, 169, 159, 136, 116, 106, 93, 82, 79, 79, 62, 61, 60, 60, 59, 50, 42, 42, 39, 37, 33, 32, 27, 25, 22, 22, 22, 21, 19, 18, 17, 16, 15, 14, 14, 14, 11, 11, 10, 9, 9, 9, 8, 8, 7, 6, 6, 5, 5]
29 : 49 => 39 | [43617, 37880, 2282, 1975, 1678, 1289, 1262, 1078, 1065, 704, 473, 444, 389, 301, 141, 103, 94, 90, 90, 76, 74, 55, 50, 34, 34, 31, 31, 23, 23, 18, 17, 16, 13, 12, 11, 6, 6, 5, 5]
6 : 95 => 76 | [35409, 34008, 4310, 3543, 1156, 748, 553, 371, 360, 340, 327, 231, 230, 205, 189, 176, 142, 133, 124, 120, 117, 115, 112, 111, 97, 86, 85, 84, 79, 75, 74, 74, 72, 67, 60, 59, 56, 56, 50, 42, 40, 38, 38, 35, 32, 30, 25, 22, 22, 20, 19, 17, 15, 14, 14, 13, 12, 12, 11, 11, 11, 10, 10, 10, 10, 8, 8, 7, 7, 5, 5, 4, 4, 4, 4, 4]
24 : 46 => 32 | [71028, 4098, 3679, 1178, 924, 843, 697, 673, 476, 456, 455, 423, 379, 354, 286, 255, 249, 211, 166, 162, 155, 103, 65, 31, 28, 25, 24, 20, 12, 12, 11, 8]
26 : 46 => 30 | [48562, 43377, 3970, 500, 405, 204, 106, 51, 51, 43, 41, 34, 34, 31, 31, 31, 21, 14, 14, 13, 12, 9, 8, 8, 8, 7, 5, 5, 5, 5]
19 : 54 => 40 | [48937, 36446, 1894, 1381, 1182, 445, 415, 285, 253, 180, 88, 75, 50, 46, 42, 40, 37, 36, 35, 29, 29, 23, 22, 22, 20, 19, 16, 15, 10, 10, 9, 8, 8, 8, 8, 6, 6, 6, 6, 6]
27 : 52 => 34 | [42887, 33912, 7696, 1454, 982, 629, 597, 581, 330, 137, 53, 35, 29, 28, 27, 22, 21, 19, 17, 16, 16, 16, 15, 14, 12, 10, 9, 7, 6, 6, 5, 5, 5, 5]
/_predsToRemove/IOSTAR/2_c00001/ ==> /data/IOSTAR/targetVessels/1024x1024/all/
colorMode : Grayscale
daMode : ['noDA']
imageToTensor length: 30
('imgName', 'TP', 'FP', 'TN', 'FN', 'DICE')
('1.tif', 69861, 12923, 939456, 26336, 0.7806526949787966)
('10.tif', 74036, 3939, 964632, 5969, 0.9372832004051146)
('11.tif', 60449, 6827, 971388, 9912, 0.8783829929452109)
('12.tif', 60038, 3113, 976298, 9127, 0.9074941805979625)
('13.tif', 61073, 3107, 975462, 8934, 0.9102670154336858)
('14.tif', 82594, 5071, 948323, 12588, 0.9034219866883241)
('15.tif', 81534, 4413, 949191, 13438, 0.901331535106871)
('16.tif', 71571, 3987, 959682, 13336, 0.8920449942355031)
('17.tif', 69226, 2965, 956847, 19538, 0.8601907365412693)
('18.tif', 61483, 2850, 967966, 16277, 0.865390976332402)
('19.tif', 74792, 4465, 951958, 17361, 0.8726678723528383)
('2.tif', 78649, 17569, 939007, 13351, 0.8357224069961428)
('20.tif', 74081, 4558, 949632, 20305, 0.8563040023118047)
('21.tif', 84046, 11051, 938040, 15439, 0.86386202218088)
('22.tif', 76267, 7984, 938512, 25813, 0.8186184800167444)
('23.tif', 72076, 6432, 952235, 17833, 0.8559230956494891)
('24.tif', 65037, 3243, 957847, 22449, 0.83506028273179)
('25.tif', 86236, 8173, 942911, 11256, 0.8987550872585344)
('26.tif', 79689, 5276, 945695, 17916, 0.8729692720600317)
('27.tif', 77637, 8515, 950458, 11966, 0.8834684646240505)
('28.tif', 74592, 10882, 950546, 12556, 0.864223563624567)
('29.tif', 80083, 10576, 942505, 15412, 0.8603951566982176)
('3.tif', 65345, 9830, 944123, 29278, 0.7696792659513069)
('30.tif', 73691, 10781, 951381, 12723, 0.862458012944302)
('4.tif', 76111, 18171, 939511, 14783, 0.8220395731628288)
('5.tif', 66642, 6373, 956226, 19335, 0.8383063298782328)
('6.tif', 63300, 12801, 950978, 21497, 0.7868338947656279)
('7.tif', 76932, 11266, 949750, 10628, 0.8754309903389889)
('8.tif', 73648, 12568, 940637, 21723, 0.8111593891633212)
('9.tif', 87352, 16244, 931877, 13103, 0.8561781123346615)
('meanDice', 0.859)
