/_predsToRemove/IOSTAR/0/ ==> /_predsToRemove/IOSTAR/0_c001/
5 : 71 => 10 | [29812, 29284, 15857, 2851, 1803, 1470, 926, 641, 375, 307]
18 : 55 => 5 | [39999, 33628, 2670, 2553, 1223]
15 : 52 => 10 | [46938, 34586, 1434, 1305, 1288, 990, 893, 844, 823, 717]
4 : 81 => 8 | [45341, 38147, 3159, 2223, 1956, 643, 603, 590]
13 : 37 => 13 | [24721, 10698, 9259, 9151, 4468, 4456, 4152, 523, 452, 439, 299, 296, 291]
9 : 44 => 5 | [35099, 26215, 18084, 17879, 428]
12 : 29 => 8 | [30938, 15810, 6604, 6202, 2471, 2183, 850, 797]
1 : 50 => 3 | [84075, 2866, 1021]
2 : 62 => 18 | [19516, 19339, 12796, 11591, 11117, 3475, 2653, 1426, 1071, 1008, 654, 593, 393, 324, 271, 253, 249, 198]
11 : 28 => 12 | [21150, 17449, 10653, 6777, 4494, 4159, 2483, 2145, 1005, 866, 721, 381]
10 : 16 => 7 | [32357, 17201, 8473, 7865, 4955, 4535, 578]
14 : 43 => 6 | [48369, 35201, 2649, 1972, 1582, 544]
23 : 49 => 6 | [44430, 38336, 1783, 871, 762, 753]
16 : 49 => 8 | [36545, 36142, 2236, 1649, 1321, 1133, 1053, 673]
22 : 40 => 4 | [51173, 49164, 965, 559]
28 : 48 => 7 | [46241, 31499, 2145, 1553, 1312, 700, 700]
3 : 102 => 16 | [25601, 17171, 15283, 12281, 4380, 3457, 1404, 1153, 892, 863, 472, 444, 373, 333, 332, 314]
21 : 49 => 14 | [27281, 20163, 15164, 5361, 5014, 4195, 3525, 3150, 3058, 2781, 2252, 1905, 744, 412]
25 : 57 => 8 | [48832, 17619, 16419, 4316, 1816, 1160, 1065, 919]
7 : 31 => 7 | [49225, 35343, 2439, 1161, 738, 644, 546]
30 : 45 => 8 | [28837, 27143, 17725, 4842, 4826, 1162, 859, 786]
8 : 53 => 7 | [50987, 31921, 2183, 2093, 1250, 633, 610]
17 : 39 => 6 | [46022, 33043, 3626, 1667, 1256, 1035]
20 : 84 => 7 | [42058, 37891, 5785, 1684, 1557, 780, 696]
29 : 34 => 10 | [44499, 39094, 3618, 1744, 1308, 1089, 1016, 963, 641, 529]
6 : 86 => 10 | [38922, 34408, 4489, 4128, 2443, 905, 831, 518, 478, 423]
24 : 36 => 9 | [44651, 41868, 4608, 1234, 928, 906, 879, 504, 470]
26 : 40 => 4 | [48597, 43214, 3668, 1209]
19 : 47 => 5 | [51355, 37907, 2063, 1591, 629]
27 : 68 => 6 | [41606, 40760, 2858, 1521, 664, 621]
/_predsToRemove/IOSTAR/0_c001/ ==> /data/IOSTAR/targetVessels/1024x1024/all/
colorMode : Grayscale
daMode : ['noDA']
imageToTensor length: 30
('imgName', 'TP', 'FP', 'TN', 'FN', 'DICE')
('1.tif', 67897, 14887, 945727, 20065, 0.7952982793154745)
('10.tif', 71653, 6322, 966290, 4311, 0.9309271854435848)
('11.tif', 60668, 6608, 969685, 11615, 0.8694244011493347)
('12.tif', 58034, 5117, 977604, 7821, 0.8997100910035192)
('13.tif', 60285, 3895, 975476, 8920, 0.9039247291674476)
('14.tif', 80392, 7273, 950986, 9925, 0.9033722511265184)
('15.tif', 79341, 6606, 952152, 10477, 0.9028077262253578)
('16.tif', 70683, 4875, 962949, 10069, 0.9043951122768856)
('17.tif', 68732, 3459, 958468, 17917, 0.8654243263661546)
('18.tif', 61057, 3276, 965227, 19016, 0.8456296829771616)
('19.tif', 74416, 4841, 950190, 19129, 0.8612863277045405)
('2.tif', 76403, 19815, 941834, 10524, 0.8343443719457261)
('20.tif', 72736, 5903, 952222, 17715, 0.8603229049618546)
('21.tif', 82061, 13036, 940535, 12944, 0.8633365246025818)
('22.tif', 75797, 8454, 938261, 26064, 0.8145310350756534)
('23.tif', 70995, 7513, 954128, 15940, 0.8582412069413635)
('24.tif', 65328, 2952, 949576, 30720, 0.7950927413465751)
('25.tif', 83249, 11160, 945270, 8897, 0.892487470183056)
('26.tif', 79934, 5031, 946857, 16754, 0.8800735468172834)
('27.tif', 77127, 9025, 951521, 10903, 0.8855909336211549)
('28.tif', 73482, 11992, 952434, 10668, 0.866410413620714)
('29.tif', 79600, 11059, 943016, 14901, 0.8597969323828041)
('3.tif', 62996, 12179, 951644, 21757, 0.7878045120304137)
('30.tif', 74165, 10307, 952089, 12015, 0.8691957902632258)
('4.tif', 77260, 17022, 938892, 15402, 0.8265576857240671)
('5.tif', 65414, 7601, 957649, 17912, 0.8368118407839275)
('6.tif', 63574, 12527, 948504, 23971, 0.776969800667294)
('7.tif', 78492, 9706, 948774, 11604, 0.8804783111041313)
('8.tif', 71158, 15058, 943841, 18519, 0.8091055357518492)
('9.tif', 86011, 17585, 933286, 11694, 0.8545511448030562)
('meanDice', 0.858)
/_predsToRemove/IOSTAR/1/ ==> /_predsToRemove/IOSTAR/1_c001/
5 : 73 => 9 | [42558, 15407, 14921, 2900, 2264, 1682, 1540, 636, 611]
18 : 68 => 5 | [41929, 36512, 3021, 2745, 1305]
15 : 67 => 9 | [48275, 35328, 2296, 1351, 1323, 1018, 781, 751, 706]
4 : 95 => 8 | [45094, 33974, 4991, 3119, 2234, 955, 735, 477]
13 : 48 => 15 | [19738, 11737, 10856, 10173, 7022, 4780, 4764, 4672, 604, 545, 470, 456, 374, 265, 234]
9 : 36 => 5 | [52225, 26306, 17576, 791, 771]
12 : 40 => 7 | [34155, 17836, 7577, 6546, 2973, 2533, 451]
1 : 88 => 4 | [81599, 2918, 1798, 967]
2 : 70 => 15 | [24785, 15784, 12990, 11677, 11301, 3133, 2989, 1530, 1082, 1018, 951, 823, 347, 314, 280]
11 : 34 => 13 | [21056, 17234, 9351, 6940, 4094, 4028, 3991, 2513, 1017, 951, 613, 324, 215]
10 : 16 => 9 | [24048, 17973, 8707, 8426, 7855, 4785, 4473, 582, 469]
14 : 60 => 9 | [49974, 35383, 2103, 1743, 1507, 1213, 812, 568, 529]
23 : 61 => 6 | [45364, 35139, 3402, 1632, 721, 658]
16 : 84 => 8 | [39099, 37472, 3160, 2240, 1520, 1199, 811, 520]
22 : 50 => 5 | [49822, 48694, 1020, 884, 703]
28 : 54 => 7 | [46127, 31622, 3101, 1631, 1265, 816, 514]
3 : 123 => 13 | [26764, 18459, 12266, 11621, 8388, 5219, 1913, 1743, 1206, 748, 416, 326, 290]
21 : 62 => 12 | [27579, 20580, 17195, 6341, 5553, 5097, 4042, 3739, 3115, 3006, 802, 460]
25 : 54 => 7 | [49896, 20653, 16932, 4477, 1816, 1112, 1087]
7 : 46 => 8 | [48795, 36394, 2390, 1197, 699, 696, 696, 541]
30 : 64 => 10 | [27110, 26172, 23104, 4686, 1134, 1050, 846, 788, 584, 302]
8 : 56 => 8 | [51338, 33330, 2204, 2026, 1140, 724, 604, 586]
17 : 47 => 5 | [47382, 37647, 3904, 1383, 605]
20 : 91 => 5 | [47021, 38997, 1638, 1621, 644]
29 : 38 => 10 | [47878, 36907, 3791, 1905, 1424, 1360, 1127, 999, 647, 581]
6 : 104 => 10 | [37416, 34621, 5515, 4260, 1391, 1152, 918, 753, 460, 426]
24 : 28 => 4 | [88125, 3543, 1881, 995]
26 : 35 => 5 | [47564, 43257, 3944, 723, 659]
19 : 68 => 5 | [51460, 36763, 2022, 1532, 518]
27 : 75 => 8 | [41948, 40803, 1718, 1368, 1023, 948, 775, 569]
/_predsToRemove/IOSTAR/1_c001/ ==> /data/IOSTAR/targetVessels/1024x1024/all/
colorMode : Grayscale
daMode : ['noDA']
imageToTensor length: 30
('imgName', 'TP', 'FP', 'TN', 'FN', 'DICE')
('1.tif', 66546, 16238, 945056, 20736, 0.7825902884762387)
('10.tif', 73002, 4973, 966285, 4316, 0.9401840392033124)
('11.tif', 62257, 5019, 971230, 10070, 0.8919149301949099)
('12.tif', 59872, 3279, 973226, 12199, 0.8855363772167251)
('13.tif', 62103, 2077, 969809, 14587, 0.8817065379427841)
('14.tif', 81653, 6012, 948732, 12179, 0.899772448029444)
('15.tif', 80212, 5735, 951012, 11617, 0.9023940239402394)
('16.tif', 71466, 4092, 958463, 14555, 0.8845951515976704)
('17.tif', 69435, 2756, 954899, 21486, 0.8513781941242827)
('18.tif', 61948, 2385, 960679, 23564, 0.8268277219793787)
('19.tif', 74121, 5136, 951145, 18174, 0.8641228315612759)
('2.tif', 76944, 19274, 940298, 12060, 0.8308300309898392)
('20.tif', 73346, 5293, 953362, 16575, 0.870265780730897)
('21.tif', 83788, 11309, 939758, 13721, 0.870045585288101)
('22.tif', 76085, 8166, 939287, 25038, 0.8208810297021157)
('23.tif', 71678, 6830, 954830, 15238, 0.8665973498404101)
('24.tif', 63835, 4445, 949587, 30709, 0.7840981673463372)
('25.tif', 85869, 8540, 944063, 10104, 0.902070573898793)
('26.tif', 79645, 5320, 947109, 16502, 0.8795110208048059)
('27.tif', 77705, 8447, 950977, 11447, 0.8865171359466983)
('28.tif', 74009, 11465, 952035, 11067, 0.8678862503664615)
('29.tif', 80160, 10499, 941458, 16459, 0.8560535674238298)
('3.tif', 64021, 11154, 948063, 25338, 0.7782099748380275)
('30.tif', 73434, 11038, 951762, 12342, 0.8626709271180866)
('4.tif', 76232, 18050, 938947, 15347, 0.8203119535566902)
('5.tif', 64965, 8050, 958007, 17554, 0.8353800455205935)
('6.tif', 63360, 12741, 948923, 23552, 0.7773613147417691)
('7.tif', 78947, 9251, 947917, 12461, 0.8791131699386435)
('8.tif', 72676, 13540, 943084, 19276, 0.8158142876386332)
('9.tif', 85861, 17735, 933172, 11808, 0.8532134250863289)
('meanDice', 0.856)
/_predsToRemove/IOSTAR/2/ ==> /_predsToRemove/IOSTAR/2_c001/
5 : 70 => 7 | [42722, 31612, 3109, 2166, 1887, 1519, 543]
18 : 65 => 8 | [35264, 31227, 3107, 2530, 1145, 644, 408, 370]
15 : 53 => 10 | [49016, 36578, 1424, 1329, 1290, 1099, 858, 848, 822, 726]
4 : 85 => 10 | [42569, 34151, 4483, 1946, 1135, 961, 579, 576, 513, 448]
13 : 69 => 15 | [18446, 10476, 9328, 8836, 6636, 4304, 4290, 4031, 571, 547, 474, 367, 323, 279, 238]
9 : 42 => 5 | [53159, 25646, 17968, 1167, 786]
12 : 45 => 7 | [32156, 16615, 8764, 6355, 2326, 748, 637]
1 : 80 => 1 | [91125]
2 : 71 => 14 | [21097, 20562, 14096, 11959, 11127, 3254, 3092, 1288, 1136, 997, 794, 372, 367, 332]
11 : 40 => 14 | [20325, 16698, 9280, 6684, 4206, 3938, 2378, 2232, 1225, 909, 554, 526, 472, 392]
10 : 18 => 6 | [33967, 18241, 9387, 8178, 5659, 4442]
14 : 32 => 6 | [50310, 36874, 2704, 2191, 1700, 541]
23 : 47 => 7 | [46797, 21593, 15317, 2251, 1653, 765, 744]
16 : 82 => 9 | [37894, 36742, 2332, 1535, 1317, 1241, 944, 661, 447]
22 : 48 => 6 | [49633, 43016, 5619, 1075, 656, 500]
28 : 42 => 9 | [46962, 25611, 7296, 2009, 1582, 1346, 658, 628, 513]
3 : 124 => 22 | [24177, 19018, 14921, 13659, 4403, 3404, 2270, 1960, 1779, 1158, 981, 674, 589, 412, 387, 306, 298, 266, 262, 261, 261, 242]
21 : 54 => 13 | [26884, 20456, 15609, 6703, 5830, 5375, 4439, 3907, 3141, 3022, 2045, 829, 371]
25 : 39 => 9 | [49742, 20807, 17133, 2906, 1762, 1490, 1223, 1086, 563]
7 : 59 => 10 | [43226, 33867, 2288, 1945, 1015, 832, 672, 626, 574, 491]
30 : 60 => 12 | [26867, 25410, 17432, 4946, 4913, 1168, 1039, 960, 867, 544, 455, 274]
8 : 71 => 7 | [51378, 33253, 2164, 2054, 1535, 772, 654]
17 : 45 => 7 | [44220, 34295, 3598, 1335, 1309, 1021, 714]
20 : 75 => 5 | [47288, 40942, 1793, 1579, 818]
29 : 49 => 12 | [43617, 37880, 2282, 1975, 1678, 1289, 1262, 1078, 1065, 704, 473, 444]
6 : 95 => 9 | [35409, 34008, 4310, 3543, 1156, 748, 553, 371, 360]
24 : 46 => 6 | [71028, 4098, 3679, 1178, 924, 843]
26 : 46 => 4 | [48562, 43377, 3970, 500]
19 : 54 => 5 | [48937, 36446, 1894, 1381, 1182]
27 : 52 => 8 | [42887, 33912, 7696, 1454, 982, 629, 597, 581]
/_predsToRemove/IOSTAR/2_c001/ ==> /data/IOSTAR/targetVessels/1024x1024/all/
colorMode : Grayscale
daMode : ['noDA']
imageToTensor length: 30
('imgName', 'TP', 'FP', 'TN', 'FN', 'DICE')
('1.tif', 67286, 15498, 941953, 23839, 0.773806991012541)
('10.tif', 73965, 4010, 964692, 5909, 0.9371614644375321)
('11.tif', 60175, 7101, 971656, 9644, 0.8778584193442504)
('12.tif', 59087, 4064, 976911, 8514, 0.9038026186979932)
('13.tif', 60693, 3487, 975943, 8453, 0.9104450744790964)
('14.tif', 82185, 5480, 948776, 12135, 0.9032063082122153)
('15.tif', 81534, 4413, 950173, 12456, 0.9062505210156888)
('16.tif', 71303, 4255, 961208, 11810, 0.8987527651555735)
('17.tif', 68136, 4055, 958029, 18356, 0.8587687401927112)
('18.tif', 60122, 4211, 969670, 14573, 0.8648905256495094)
('19.tif', 73625, 5632, 953104, 16215, 0.8708019657356428)
('2.tif', 78116, 18102, 940001, 12357, 0.8368480537358522)
('20.tif', 73979, 4660, 951496, 18441, 0.8649530279026535)
('21.tif', 84015, 11082, 938883, 14596, 0.8674396514341173)
('22.tif', 75592, 8659, 939418, 24907, 0.8183166441136671)
('23.tif', 72004, 6504, 952952, 17116, 0.859092753000692)
('24.tif', 61227, 7053, 959773, 20523, 0.8161967606478704)
('25.tif', 86236, 8173, 943691, 10476, 0.902423072294515)
('26.tif', 79512, 5453, 946714, 16897, 0.8767739587813027)
('27.tif', 77354, 8798, 951040, 11384, 0.884601749671222)
('28.tif', 74534, 10940, 951031, 12071, 0.8662765357771721)
('29.tif', 79147, 11512, 943317, 14600, 0.8583994013209982)
('3.tif', 65168, 10007, 946881, 26520, 0.78109586906624)
('30.tif', 72987, 11485, 952216, 11888, 0.861981611720314)
('4.tif', 74500, 19782, 941433, 12861, 0.820290349751986)
('5.tif', 66070, 6945, 958073, 17488, 0.8439513836996162)
('6.tif', 62034, 14067, 954051, 18424, 0.7924680152530356)
('7.tif', 75989, 12209, 950831, 9547, 0.8747740799152728)
('8.tif', 71567, 14649, 942117, 20243, 0.8040061564041208)
('9.tif', 86313, 17283, 932567, 12413, 0.8532240685639723)
('meanDice', 0.86)
