/_predsToRemove/IOSTAR/0/ ==> /_predsToRemove/IOSTAR/0_c1/
5 : 71 => 1 | [29812]
18 : 55 => 1 | [39999]
15 : 52 => 1 | [46938]
4 : 81 => 1 | [45341]
13 : 37 => 1 | [24721]
9 : 44 => 1 | [35099]
12 : 29 => 1 | [30938]
1 : 50 => 1 | [84075]
2 : 62 => 1 | [19516]
11 : 28 => 1 | [21150]
10 : 16 => 1 | [32357]
14 : 43 => 1 | [48369]
23 : 49 => 1 | [44430]
16 : 49 => 1 | [36545]
22 : 40 => 1 | [51173]
28 : 48 => 1 | [46241]
3 : 102 => 1 | [25601]
21 : 49 => 1 | [27281]
25 : 57 => 1 | [48832]
7 : 31 => 1 | [49225]
30 : 45 => 1 | [28837]
8 : 53 => 1 | [50987]
17 : 39 => 1 | [46022]
20 : 84 => 1 | [42058]
29 : 34 => 1 | [44499]
6 : 86 => 1 | [38922]
24 : 36 => 1 | [44651]
26 : 40 => 1 | [48597]
19 : 47 => 1 | [51355]
27 : 68 => 1 | [41606]
/_predsToRemove/IOSTAR/0_c1/ ==> /data/IOSTAR/targetVessels/1024x1024/all/
colorMode : Grayscale
daMode : ['noDA']
imageToTensor length: 30
('imgName', 'TP', 'FP', 'TN', 'FN', 'DICE')
('1.tif', 65214, 17570, 946931, 18861, 0.7816659574850623)
('10.tif', 30570, 47405, 968814, 1787, 0.5541456694340717)
('11.tif', 17850, 49426, 978000, 3300, 0.40372741049012734)
('12.tif', 27727, 35424, 982214, 3211, 0.5893781419719627)
('13.tif', 21090, 43090, 980765, 3631, 0.47446035477666165)
('14.tif', 42470, 45195, 955012, 5899, 0.6244027228486996)
('15.tif', 41369, 44578, 957060, 5569, 0.622628588629266)
('16.tif', 32389, 43169, 968862, 4156, 0.5778435902696627)
('17.tif', 36929, 35262, 967292, 9093, 0.6247874599240354)
('18.tif', 31092, 33241, 975336, 8907, 0.5960203964267914)
('19.tif', 41227, 38030, 959191, 10128, 0.6312896211680397)
('2.tif', 17497, 78721, 950339, 2019, 0.3023657697824321)
('20.tif', 32070, 46569, 959949, 9988, 0.5314133739860974)
('21.tif', 23681, 71416, 949879, 3600, 0.38701400578535355)
('22.tif', 38030, 46221, 951182, 13143, 0.5616434310018904)
('23.tif', 36418, 42090, 962056, 8012, 0.5924612406253559)
('24.tif', 29580, 38700, 965225, 15071, 0.5238597019418937)
('25.tif', 43785, 50624, 949120, 5047, 0.6113473097786248)
('26.tif', 40058, 44907, 955072, 8539, 0.5998412722181459)
('27.tif', 36875, 49277, 957693, 4731, 0.5772632633572848)
('28.tif', 40423, 45051, 957284, 5818, 0.6137949360361387)
('29.tif', 38182, 52477, 951600, 6317, 0.5649980023380045)
('3.tif', 19310, 55865, 967110, 6291, 0.3832261649599111)
('30.tif', 24921, 59551, 960188, 3916, 0.4398767970770195)
('4.tif', 39390, 54892, 948343, 5951, 0.5642336864270213)
('5.tif', 24893, 48122, 970642, 4919, 0.48417244498040396)
('6.tif', 27066, 49035, 960619, 11856, 0.470618919694322)
('7.tif', 42696, 45502, 953849, 6529, 0.6213807004649876)
('8.tif', 40943, 45273, 952316, 10044, 0.5968236846133103)
('9.tif', 31062, 72534, 940943, 4037, 0.44791809365874763)
('meanDice', 0.545)
/_predsToRemove/IOSTAR/1/ ==> /_predsToRemove/IOSTAR/1_c1/
5 : 73 => 1 | [42558]
18 : 68 => 1 | [41929]
15 : 67 => 1 | [48275]
4 : 95 => 1 | [45094]
13 : 48 => 1 | [19738]
9 : 36 => 1 | [52225]
12 : 40 => 1 | [34155]
1 : 88 => 1 | [81599]
2 : 70 => 1 | [24785]
11 : 34 => 1 | [21056]
10 : 16 => 1 | [24048]
14 : 60 => 1 | [49974]
23 : 61 => 1 | [45364]
16 : 84 => 1 | [39099]
22 : 50 => 1 | [49822]
28 : 54 => 1 | [46127]
3 : 123 => 1 | [26764]
21 : 62 => 1 | [27579]
25 : 54 => 1 | [49896]
7 : 46 => 1 | [48795]
30 : 64 => 1 | [27110]
8 : 56 => 1 | [51338]
17 : 47 => 1 | [47382]
20 : 91 => 1 | [47021]
29 : 38 => 1 | [47878]
6 : 104 => 1 | [37416]
24 : 28 => 1 | [88125]
26 : 35 => 1 | [47564]
19 : 68 => 1 | [51460]
27 : 75 => 1 | [41948]
/_predsToRemove/IOSTAR/1_c1/ ==> /data/IOSTAR/targetVessels/1024x1024/all/
colorMode : Grayscale
daMode : ['noDA']
imageToTensor length: 30
('imgName', 'TP', 'FP', 'TN', 'FN', 'DICE')
('1.tif', 62466, 20318, 946659, 19133, 0.7600055966857887)
('10.tif', 22900, 55075, 969453, 1148, 0.4489183811493487)
('11.tif', 17880, 49396, 978124, 3176, 0.40483629941584026)
('12.tif', 29011, 34140, 980281, 5144, 0.5962838879411342)
('13.tif', 15438, 48742, 980096, 4300, 0.36793059891799135)
('14.tif', 42699, 44966, 953636, 7275, 0.6204491459542717)
('15.tif', 41999, 43948, 956353, 6276, 0.625813950023096)
('16.tif', 33016, 42542, 966935, 6083, 0.5759090155856162)
('17.tif', 36863, 35328, 965866, 10519, 0.6165773209671079)
('18.tif', 31318, 33015, 973632, 10611, 0.5894487210856185)
('19.tif', 41307, 37950, 959166, 10153, 0.6320065484979001)
('2.tif', 21031, 75187, 948604, 3754, 0.34761121625083674)
('20.tif', 37572, 41067, 960488, 9449, 0.597994588572338)
('21.tif', 24068, 71029, 949968, 3511, 0.3923831882356777)
('22.tif', 37636, 46615, 952139, 12186, 0.5614254920826713)
('23.tif', 36925, 41583, 961629, 8439, 0.5961799276672695)
('24.tif', 59248, 9032, 951419, 28877, 0.7576228381445606)
('25.tif', 44287, 50122, 948558, 5609, 0.6137971657253734)
('26.tif', 39502, 45463, 955549, 8062, 0.5961261308845611)
('27.tif', 36997, 49155, 957473, 4951, 0.5776268540202967)
('28.tif', 40466, 45008, 957441, 5661, 0.6149801293303242)
('29.tif', 40111, 50548, 950150, 7767, 0.5790655204024917)
('3.tif', 19471, 55704, 966108, 7293, 0.3820127723442451)
('30.tif', 23566, 60906, 960560, 3544, 0.4223978777939094)
('4.tif', 39489, 54793, 948689, 5605, 0.5666542302835496)
('5.tif', 34108, 38907, 967111, 8450, 0.5902416654408902)
('6.tif', 26319, 49782, 961378, 11097, 0.4637014720262163)
('7.tif', 42215, 45983, 953798, 6580, 0.6163088624966239)
('8.tif', 41335, 44881, 952357, 10003, 0.601000334414121)
('9.tif', 46340, 57256, 939095, 5885, 0.5947850418107957)
('meanDice', 0.557)
/_predsToRemove/IOSTAR/2/ ==> /_predsToRemove/IOSTAR/2_c1/
5 : 70 => 1 | [42722]
18 : 65 => 1 | [35264]
15 : 53 => 1 | [49016]
4 : 85 => 1 | [42569]
13 : 69 => 1 | [18446]
9 : 42 => 1 | [53159]
12 : 45 => 1 | [32156]
1 : 80 => 1 | [91125]
2 : 71 => 1 | [21097]
11 : 40 => 1 | [20325]
10 : 18 => 1 | [33967]
14 : 32 => 1 | [50310]
23 : 47 => 1 | [46797]
16 : 82 => 1 | [37894]
22 : 48 => 1 | [49633]
28 : 42 => 1 | [46962]
3 : 124 => 1 | [24177]
21 : 54 => 1 | [26884]
25 : 39 => 1 | [49742]
7 : 59 => 1 | [43226]
30 : 60 => 1 | [26867]
8 : 71 => 1 | [51378]
17 : 45 => 1 | [44220]
20 : 75 => 1 | [47288]
29 : 49 => 1 | [43617]
6 : 95 => 1 | [35409]
24 : 46 => 1 | [71028]
26 : 46 => 1 | [48562]
19 : 54 => 1 | [48937]
27 : 52 => 1 | [42887]
/_predsToRemove/IOSTAR/2_c1/ ==> /data/IOSTAR/targetVessels/1024x1024/all/
colorMode : Grayscale
daMode : ['noDA']
imageToTensor length: 30
('imgName', 'TP', 'FP', 'TN', 'FN', 'DICE')
('1.tif', 67286, 15498, 941953, 23839, 0.773806991012541)
('10.tif', 31506, 46469, 968140, 2461, 0.5628986439406121)
('11.tif', 17369, 49907, 978344, 2956, 0.3965479846120478)
('12.tif', 28534, 34617, 981803, 3622, 0.5987807821041476)
('13.tif', 15723, 48457, 981673, 2723, 0.38058238326918886)
('14.tif', 43285, 44380, 953886, 7025, 0.627432505888748)
('15.tif', 42576, 43371, 956189, 6440, 0.6309284766936123)
('16.tif', 32771, 42787, 967895, 5123, 0.5777068716285301)
('17.tif', 35620, 36571, 967785, 8600, 0.6119696592246437)
('18.tif', 29366, 34967, 978345, 5898, 0.58969647680151)
('19.tif', 40781, 38476, 961163, 8156, 0.6362388255300561)
('2.tif', 18064, 78154, 949325, 3033, 0.307957209223032)
('20.tif', 37680, 40959, 960329, 9608, 0.5984419544656825)
('21.tif', 23511, 71586, 950106, 3373, 0.38548626425426913)
('22.tif', 37641, 46610, 952333, 11992, 0.5622927310208837)
('23.tif', 37186, 41322, 960457, 9611, 0.5935277921870635)
('24.tif', 53327, 14953, 962595, 17701, 0.7655985298762454)
('25.tif', 44223, 50186, 948648, 5519, 0.613564942317431)
('26.tif', 39879, 45086, 954928, 8683, 0.5973173964816104)
('27.tif', 37467, 48685, 957004, 5420, 0.5807081579987445)
('28.tif', 40730, 44744, 956870, 6232, 0.615089552689601)
('29.tif', 37546, 53113, 951846, 6071, 0.5592362000655366)
('3.tif', 18232, 56943, 967456, 5945, 0.36701827844431917)
('30.tif', 23393, 61079, 960630, 3474, 0.4202121448908289)
('4.tif', 38120, 56162, 949845, 4449, 0.5571022498922186)
('5.tif', 33981, 39034, 966820, 8741, 0.5872106586484875)
('6.tif', 26766, 49335, 963832, 8643, 0.4800645682001614)
('7.tif', 38217, 49981, 955369, 5009, 0.5815832724616509)
('8.tif', 40674, 45542, 951656, 10704, 0.5912176403040831)
('9.tif', 46543, 57053, 938364, 6616, 0.5938311377627508)
('meanDice', 0.558)
