/_predsToRemove/IOSTAR/0/ ==> /data/IOSTAR/targetVessels/1024x1024/all/
colorMode : Grayscale
daMode : ['noDA']
imageToTensor length: 30
('imgName', 'TP', 'FP', 'TN', 'FN', 'DICE')
('1.tif', 70175, 12609, 943475, 22317, 0.80073712316575)
('10.tif', 71767, 6208, 966243, 4358, 0.931434133679429)
('11.tif', 61006, 6270, 969434, 11866, 0.8705939435453949)
('12.tif', 59434, 3717, 977082, 8343, 0.9078883050226079)
('13.tif', 61029, 3151, 975049, 9347, 0.907116739498796)
('14.tif', 80721, 6944, 950373, 10538, 0.9022937112964163)
('15.tif', 80079, 5868, 951210, 11419, 0.9025782636873397)
('16.tif', 70881, 4677, 962130, 10888, 0.9010659327388179)
('17.tif', 69162, 3029, 957885, 18500, 0.8653200127617249)
('18.tif', 62535, 1798, 963464, 20779, 0.8470879868876442)
('19.tif', 75571, 3686, 948748, 20571, 0.8617038865671982)
('2.tif', 77207, 19011, 940807, 11551, 0.8347785658680045)
('20.tif', 72760, 5879, 950030, 19907, 0.8494740406056998)
('21.tif', 82089, 13008, 939827, 13652, 0.8603003594671921)
('22.tif', 76280, 7971, 936843, 27482, 0.8114332519559818)
('23.tif', 71082, 7426, 953350, 16718, 0.8548235803449022)
('24.tif', 65884, 2396, 948874, 31422, 0.7957677581438044)
('25.tif', 83497, 10912, 944255, 9912, 0.8891267077702882)
('26.tif', 80087, 4878, 946321, 17290, 0.8784262539623345)
('27.tif', 77450, 8702, 950494, 11930, 0.8824601782011258)
('28.tif', 74067, 11407, 951512, 11590, 0.865617567828155)
('29.tif', 80361, 10298, 942685, 15232, 0.8629276464145351)
('3.tif', 63357, 11818, 948509, 24892, 0.7753695907577834)
('30.tif', 74510, 9962, 951448, 12656, 0.8682226546568942)
('4.tif', 79697, 14585, 936896, 17398, 0.832879604132158)
('5.tif', 66302, 6713, 955718, 19843, 0.8331490324202061)
('6.tif', 65037, 11064, 945900, 26575, 0.7755749405233942)
('7.tif', 79143, 9055, 948226, 12152, 0.8818505457037322)
('8.tif', 73742, 12474, 942145, 20215, 0.8185688199674757)
('9.tif', 87329, 16267, 932559, 12421, 0.8589202639835551)
('meanDice', 0.858)
/_predsToRemove/IOSTAR/1/ ==> /data/IOSTAR/targetVessels/1024x1024/all/
colorMode : Grayscale
daMode : ['noDA']
imageToTensor length: 30
('imgName', 'TP', 'FP', 'TN', 'FN', 'DICE')
('1.tif', 68985, 13799, 942356, 23436, 0.7874775263263035)
('10.tif', 73158, 4817, 966259, 4342, 0.9410902074288471)
('11.tif', 62555, 4721, 970958, 10342, 0.892539932797329)
('12.tif', 60923, 2228, 972672, 12753, 0.8905113756787768)
('13.tif', 62509, 1671, 969221, 15175, 0.8812524671516382)
('14.tif', 81655, 6010, 948139, 12772, 0.8968543373679239)
('15.tif', 80532, 5415, 950107, 12522, 0.8997938559002464)
('16.tif', 71643, 3915, 957161, 15857, 0.8787425333316979)
('17.tif', 69621, 2570, 954272, 22113, 0.8494250419399115)
('18.tif', 63150, 1183, 958727, 25516, 0.8254955914744541)
('19.tif', 75465, 3792, 949542, 19777, 0.8649333234001341)
('2.tif', 77968, 18250, 939145, 13213, 0.8321068949140604)
('20.tif', 73355, 5284, 951645, 18292, 0.8615505678681747)
('21.tif', 83840, 11257, 939105, 14374, 0.8674105457009689)
('22.tif', 76351, 7900, 938628, 25697, 0.8196608677448618)
('23.tif', 71769, 6739, 954050, 16018, 0.8631528308127123)
('24.tif', 66187, 2093, 947715, 32581, 0.79243091805948)
('25.tif', 85869, 8540, 943387, 10780, 0.8988788744779073)
('26.tif', 79696, 5269, 946424, 17187, 0.8765122519906735)
('27.tif', 77713, 8439, 950325, 12099, 0.8832829442385942)
('28.tif', 74442, 11032, 951360, 11742, 0.8673292243880274)
('29.tif', 81205, 9454, 940892, 17025, 0.8598171412840345)
('3.tif', 64088, 11087, 944913, 28488, 0.7640848638756251)
('30.tif', 73957, 10515, 950988, 13116, 0.862246057885686)
('4.tif', 78050, 16232, 936343, 17951, 0.8203570471350567)
('5.tif', 65821, 7194, 955119, 20442, 0.8264920453546629)
('6.tif', 64481, 11620, 945369, 27106, 0.769059205190592)
('7.tif', 79642, 8556, 947403, 12975, 0.8809224898376794)
('8.tif', 74645, 11571, 941824, 20536, 0.8230014829352195)
('9.tif', 87087, 16509, 932728, 12252, 0.8582748170596496)
('meanDice', 0.854)
/_predsToRemove/IOSTAR/2/ ==> /data/IOSTAR/targetVessels/1024x1024/all/
colorMode : Grayscale
daMode : ['noDA']
imageToTensor length: 30
('imgName', 'TP', 'FP', 'TN', 'FN', 'DICE')
('1.tif', 69883, 12901, 939356, 26436, 0.7803666046911554)
('10.tif', 74036, 3939, 964625, 5976, 0.9372416717831213)
('11.tif', 60451, 6825, 971377, 9923, 0.8783290955321468)
('12.tif', 60038, 3113, 976275, 9150, 0.9073364616628508)
('13.tif', 61074, 3106, 975457, 8939, 0.9102412197357538)
('14.tif', 82594, 5071, 948286, 12625, 0.9032392117407756)
('15.tif', 81534, 4413, 949156, 13473, 0.9011572001724195)
('16.tif', 71571, 3987, 959646, 13372, 0.8918449106236098)
('17.tif', 69230, 2961, 956834, 19551, 0.860149591233258)
('18.tif', 61483, 2850, 967935, 16308, 0.8652022177816554)
('19.tif', 74796, 4461, 951930, 17389, 0.8725516501207405)
('2.tif', 78650, 17568, 938996, 13362, 0.835679753493067)
('20.tif', 74081, 4558, 949579, 20358, 0.8560417846288957)
('21.tif', 84046, 11051, 938031, 15448, 0.8638220678243084)
('22.tif', 76275, 7976, 938475, 25850, 0.8185066746791433)
('23.tif', 72076, 6432, 952223, 17845, 0.8558621140064954)
('24.tif', 65037, 3243, 957805, 22491, 0.8348351817621689)
('25.tif', 86236, 8173, 942895, 11272, 0.8986801586102325)
('26.tif', 79692, 5273, 945659, 17952, 0.8728156881643292)
('27.tif', 77637, 8515, 950412, 12012, 0.8832372967161733)
('28.tif', 74592, 10882, 950510, 12592, 0.8640433689721878)
('29.tif', 80084, 10575, 942493, 15424, 0.8603458185392685)
('3.tif', 65350, 9825, 944101, 29300, 0.7696157809509789)
('30.tif', 73691, 10781, 951372, 12732, 0.8624125925275754)
('4.tif', 76124, 18158, 939479, 14815, 0.8219802290237068)
('5.tif', 66648, 6367, 956199, 19362, 0.8382078289577111)
('6.tif', 63306, 12795, 950958, 21517, 0.7867813377743531)
('7.tif', 76935, 11263, 949727, 10651, 0.8753356391935557)
('8.tif', 73655, 12561, 940593, 21767, 0.8110087096312446)
('9.tif', 87360, 16236, 931861, 13119, 0.8561558250643145)
('meanDice', 0.859)
