/_predsToRemove/DRIVE_RETA/0/ ==> /_predsToRemove/DRIVE_RETA/0_c0005/
18 : 63 => 1 | [102219]
33 : 77 => 6 | [87353, 1005, 744, 597, 541, 471]
08 : 110 => 6 | [83075, 1532, 1495, 1315, 558, 523]
15 : 47 => 2 | [88583, 862]
34 : 192 => 8 | [60224, 1295, 1250, 832, 640, 431, 370, 312]
13 : 50 => 1 | [111048]
12 : 47 => 3 | [50569, 47625, 800]
38 : 63 => 1 | [109432]
11 : 77 => 2 | [97764, 506]
10 : 61 => 3 | [87811, 782, 568]
14 : 58 => 1 | [96064]
23 : 74 => 2 | [74315, 446]
16 : 58 => 1 | [100557]
22 : 69 => 3 | [93695, 757, 648]
28 : 75 => 3 | [101590, 1239, 955]
40 : 95 => 1 | [98907]
32 : 90 => 4 | [89424, 532, 484, 467]
07 : 92 => 1 | [88957]
39 : 78 => 4 | [106902, 700, 663, 570]
06 : 97 => 4 | [90959, 989, 725, 473]
21 : 40 => 1 | [89379]
09 : 49 => 3 | [88960, 1144, 613]
25 : 100 => 1 | [94973]
30 : 106 => 5 | [84428, 710, 666, 578, 537]
17 : 69 => 3 | [89315, 1160, 617]
31 : 97 => 3 | [71235, 410, 375]
01 : 66 => 2 | [109771, 616]
36 : 72 => 2 | [108915, 678]
20 : 83 => 2 | [97752, 1975]
02 : 69 => 3 | [109574, 1480, 553]
05 : 72 => 1 | [92426]
37 : 83 => 1 | [100610]
29 : 96 => 1 | [90674]
24 : 51 => 1 | [116768]
35 : 63 => 1 | [101504]
26 : 97 => 4 | [87228, 1196, 981, 502]
19 : 61 => 2 | [109213, 665]
03 : 113 => 3 | [99114, 1015, 524]
27 : 83 => 2 | [97488, 850]
04 : 78 => 2 | [93451, 613]
/_predsToRemove/DRIVE_RETA/0_c0005/ ==> /data/DRIVE_RETA/targetVessels/1024x1024/all/
colorMode : Grayscale
daMode : ['noDA']
imageToTensor length: 40
('imgName', 'TP', 'FP', 'TN', 'FN', 'DICE')
('01.tif', 88652, 15179, 923010, 21735, 0.8276802136141688)
('02.tif', 99110, 20602, 916367, 12497, 0.856911883589329)
('03.tif', 84495, 21701, 926222, 16158, 0.8169727675744142)
('04.tif', 82606, 21306, 933206, 11458, 0.8345051925485918)
('05.tif', 78912, 17431, 938719, 13514, 0.8360694817475327)
('06.tif', 82031, 29441, 925989, 11115, 0.8017965183903665)
('07.tif', 70878, 14316, 945303, 18079, 0.8139832673943876)
('08.tif', 66784, 13065, 947013, 21714, 0.7934088519545938)
('09.tif', 79803, 14833, 943026, 10914, 0.8610920783585915)
('10.tif', 76144, 9374, 950041, 13017, 0.871816303047304)
('11.tif', 84928, 14816, 935490, 13342, 0.857797933479451)
('12.tif', 84202, 11435, 938147, 14792, 0.8652475710446949)
('13.tif', 99174, 20735, 916793, 11874, 0.858809215568266)
('14.tif', 79704, 9857, 942655, 16360, 0.8587636363636364)
('15.tif', 76337, 11384, 947747, 13108, 0.8617567704864364)
('16.tif', 87247, 14317, 933702, 13310, 0.8633145492056739)
('17.tif', 76830, 12071, 945413, 14262, 0.8536998661059041)
('18.tif', 92255, 16523, 929834, 9964, 0.8744674094892344)
('19.tif', 99301, 19523, 919175, 10577, 0.8683876835357802)
('20.tif', 88446, 21648, 927201, 11281, 0.8430614666787405)
('21.tif', 76948, 12225, 946972, 12431, 0.8619113759577042)
('22.tif', 82917, 24111, 929365, 12183, 0.820440512942294)
('23.tif', 66433, 11552, 962263, 8328, 0.8698492922891597)
('24.tif', 106133, 31754, 900054, 10635, 0.8335434214918223)
('25.tif', 84938, 28303, 925300, 10035, 0.8158721315569558)
('26.tif', 77792, 20871, 937798, 12115, 0.8250729172190698)
('27.tif', 83857, 22006, 928232, 14481, 0.8213182109783987)
('28.tif', 91004, 25880, 918912, 12780, 0.8248046839596135)
('29.tif', 76792, 22893, 935009, 13882, 0.8068123913237619)
('30.tif', 72442, 21448, 940209, 14477, 0.8013096693195582)
('31.tif', 58565, 13123, 963433, 13455, 0.8150555292676817)
('32.tif', 76487, 19565, 938104, 14420, 0.8182221770548623)
('33.tif', 77059, 19249, 938616, 13652, 0.8240766980894989)
('34.tif', 50899, 8741, 974481, 14455, 0.8144230923084308)
('35.tif', 86838, 16995, 930077, 14666, 0.8458095715823256)
('36.tif', 97936, 29827, 909156, 11657, 0.8252245572052107)
('37.tif', 86458, 17915, 930051, 14152, 0.8435626369015967)
('38.tif', 88191, 14650, 924494, 21241, 0.8309205598451052)
('39.tif', 86094, 16823, 922918, 22741, 0.8131587895273716)
('40.tif', 76798, 13774, 935895, 22109, 0.8106228130821885)
('meanDice', 0.836)
/_predsToRemove/DRIVE_RETA/1/ ==> /_predsToRemove/DRIVE_RETA/1_c0005/
18 : 74 => 2 | [100671, 541]
33 : 81 => 2 | [91407, 637]
08 : 134 => 5 | [81391, 1586, 1457, 504, 425]
15 : 75 => 2 | [85700, 1143]
34 : 178 => 8 | [59347, 897, 769, 509, 379, 352, 344, 303]
13 : 62 => 1 | [108055]
12 : 62 => 3 | [51061, 47683, 1013]
38 : 78 => 2 | [103953, 894]
11 : 73 => 2 | [99142, 512]
10 : 67 => 3 | [87812, 547, 518]
14 : 72 => 1 | [95277]
23 : 78 => 2 | [71706, 811]
16 : 68 => 1 | [100383]
22 : 81 => 2 | [93662, 501]
28 : 94 => 3 | [100377, 1896, 1042]
40 : 111 => 2 | [99006, 591]
32 : 94 => 2 | [91301, 479]
07 : 130 => 2 | [87139, 1763]
39 : 87 => 2 | [106465, 795]
06 : 85 => 4 | [88698, 1435, 919, 505]
21 : 70 => 3 | [87138, 1898, 1289]
09 : 50 => 3 | [87978, 1028, 532]
25 : 121 => 2 | [90594, 2294]
30 : 116 => 2 | [83537, 812]
17 : 79 => 2 | [89999, 1185]
31 : 136 => 2 | [69955, 367]
01 : 91 => 2 | [108974, 1209]
36 : 98 => 3 | [102361, 1781, 900]
20 : 88 => 1 | [100663]
02 : 85 => 1 | [108430]
05 : 89 => 2 | [91958, 520]
37 : 104 => 1 | [98164]
29 : 137 => 1 | [89701]
24 : 52 => 1 | [112099]
35 : 88 => 1 | [100267]
26 : 137 => 7 | [84308, 972, 647, 580, 570, 542, 476]
19 : 78 => 2 | [107499, 622]
03 : 148 => 4 | [98050, 2908, 1112, 850]
27 : 95 => 2 | [95411, 1025]
04 : 77 => 2 | [91409, 592]
/_predsToRemove/DRIVE_RETA/1_c0005/ ==> /data/DRIVE_RETA/targetVessels/1024x1024/all/
colorMode : Grayscale
daMode : ['noDA']
imageToTensor length: 40
('imgName', 'TP', 'FP', 'TN', 'FN', 'DICE')
('01.tif', 88689, 15142, 923251, 21494, 0.8288149373405478)
('02.tif', 96857, 22855, 917291, 11573, 0.8490939853249292)
('03.tif', 85124, 21072, 924584, 17796, 0.8141318693930641)
('04.tif', 81495, 22417, 934158, 10506, 0.8319509169886633)
('05.tif', 78618, 17725, 938373, 13860, 0.8327251735770915)
('06.tif', 80913, 30559, 926460, 10644, 0.7970585482862054)
('07.tif', 70595, 14599, 945075, 18307, 0.8109893392151457)
('08.tif', 65189, 14660, 948553, 20174, 0.7891557513982035)
('09.tif', 79058, 15578, 943460, 10480, 0.8585142311075397)
('10.tif', 75753, 9765, 949934, 13124, 0.8687519711000888)
('11.tif', 84858, 14886, 934036, 14796, 0.8511419372310655)
('12.tif', 83865, 11772, 937047, 15892, 0.8584193987532882)
('13.tif', 96885, 23024, 917497, 11170, 0.8500026319945254)
('14.tif', 79071, 10490, 942809, 16206, 0.8555708241811749)
('15.tif', 74980, 12741, 948992, 11863, 0.8590545587864623)
('16.tif', 86632, 14932, 933261, 13751, 0.8579676845905114)
('17.tif', 76585, 12316, 945076, 14599, 0.8505427992336952)
('18.tif', 91185, 17593, 929771, 10027, 0.8684699271393876)
('19.tif', 97778, 21046, 919409, 10343, 0.8616889554737932)
('20.tif', 88185, 21909, 926004, 12478, 0.8368405319870752)
('21.tif', 76681, 12492, 945759, 13644, 0.8543939208236303)
('22.tif', 81734, 25294, 929119, 12429, 0.8125015532503939)
('23.tif', 64208, 13777, 962282, 8309, 0.8532511195864507)
('24.tif', 102383, 35504, 900973, 9716, 0.8191098701527285)
('25.tif', 82999, 30242, 925446, 9889, 0.8053112371379088)
('26.tif', 76369, 22294, 938187, 11726, 0.817839128712023)
('27.tif', 81944, 23919, 928221, 14492, 0.8101275834284896)
('28.tif', 89814, 27070, 918191, 13501, 0.8157530234015595)
('29.tif', 75749, 23936, 934939, 13952, 0.7999429736094537)
('30.tif', 70843, 23047, 941180, 13506, 0.7949214257261318)
('31.tif', 57346, 14342, 963912, 12976, 0.8076332652630096)
('32.tif', 76246, 19806, 936990, 15534, 0.8118531453639423)
('33.tif', 76980, 19328, 937204, 15064, 0.8174057084607543)
('34.tif', 49874, 9766, 975910, 13026, 0.8140035906642729)
('35.tif', 86139, 17694, 930615, 14128, 0.8440862322390985)
('36.tif', 95050, 32713, 910821, 9992, 0.8165632181439402)
('37.tif', 84952, 19421, 930991, 13212, 0.8388788221411396)
('38.tif', 86209, 16632, 927097, 18638, 0.8301779592465621)
('39.tif', 86023, 16894, 924422, 21237, 0.8185767234283485)
('40.tif', 77222, 13350, 935629, 22375, 0.8121407800430144)
('meanDice', 0.831)
/_predsToRemove/DRIVE_RETA/2/ ==> /_predsToRemove/DRIVE_RETA/2_c0005/
18 : 72 => 1 | [98620]
33 : 85 => 6 | [85962, 614, 571, 499, 495, 455]
08 : 171 => 5 | [76267, 1179, 471, 456, 445]
15 : 50 => 3 | [79139, 1370, 470]
34 : 157 => 7 | [52788, 748, 573, 551, 321, 272, 265]
13 : 73 => 3 | [100627, 2027, 531]
12 : 67 => 3 | [93232, 834, 725]
38 : 83 => 2 | [101363, 522]
11 : 83 => 1 | [92918]
10 : 69 => 2 | [84779, 569]
14 : 78 => 1 | [90052]
23 : 197 => 4 | [66514, 1431, 1276, 412]
16 : 73 => 2 | [94775, 485]
22 : 89 => 2 | [87326, 617]
28 : 93 => 4 | [94703, 1194, 1129, 911]
40 : 90 => 2 | [95832, 644]
32 : 99 => 2 | [85132, 730]
07 : 90 => 1 | [85031]
39 : 88 => 3 | [100296, 611, 534]
06 : 117 => 6 | [83345, 1498, 1142, 522, 508, 471]
21 : 60 => 3 | [85634, 1256, 1207]
09 : 64 => 3 | [84811, 1017, 639]
25 : 94 => 2 | [86368, 1104]
30 : 136 => 5 | [74146, 741, 674, 478, 404]
17 : 131 => 2 | [87001, 770]
31 : 126 => 2 | [64973, 328]
01 : 93 => 3 | [103161, 943, 912]
36 : 59 => 4 | [101574, 1838, 1033, 516]
20 : 107 => 2 | [93760, 2016]
02 : 92 => 2 | [104201, 1224]
05 : 100 => 1 | [88438]
37 : 88 => 1 | [96219]
29 : 123 => 2 | [84627, 432]
24 : 65 => 1 | [105839]
35 : 52 => 1 | [98229]
26 : 101 => 5 | [78473, 2107, 609, 577, 486]
19 : 65 => 2 | [104191, 633]
03 : 131 => 6 | [92585, 857, 828, 799, 692, 566]
27 : 74 => 5 | [89001, 662, 619, 587, 566]
04 : 76 => 4 | [87298, 778, 742, 636]
/_predsToRemove/DRIVE_RETA/2_c0005/ ==> /data/DRIVE_RETA/targetVessels/1024x1024/all/
colorMode : Grayscale
daMode : ['noDA']
imageToTensor length: 40
('imgName', 'TP', 'FP', 'TN', 'FN', 'DICE')
('01.tif', 86296, 17535, 926025, 18720, 0.8264040182525964)
('02.tif', 95506, 24206, 918945, 9919, 0.848425625285937)
('03.tif', 81908, 24288, 927961, 14419, 0.8088760288954835)
('04.tif', 80243, 23669, 935453, 9211, 0.8299597654189464)
('05.tif', 76808, 19535, 940603, 11630, 0.8313408846147602)
('06.tif', 78485, 32987, 928103, 9001, 0.788960484122277)
('07.tif', 69300, 15894, 947651, 15731, 0.81421647819063)
('08.tif', 61880, 17969, 951789, 16938, 0.7799983613479804)
('09.tif', 77309, 17327, 944782, 9158, 0.8537572541592353)
('10.tif', 73805, 11713, 951515, 11543, 0.8638933433216672)
('11.tif', 81708, 18036, 937622, 11210, 0.8482004754440419)
('12.tif', 81762, 13875, 939910, 13029, 0.8587182557186969)
('13.tif', 94348, 25561, 919830, 8837, 0.84581387217944)
('14.tif', 76491, 13070, 945454, 13561, 0.8517312221275742)
('15.tif', 71546, 16175, 951422, 9433, 0.8482039122703023)
('16.tif', 84255, 17309, 936007, 11005, 0.8561455920009755)
('17.tif', 74775, 14126, 946679, 12996, 0.8464838797319326)
('18.tif', 89802, 18976, 930980, 8818, 0.8659871358450901)
('19.tif', 95523, 23301, 920451, 9301, 0.8542262841608241)
('20.tif', 85967, 24127, 928673, 9809, 0.8351581094865692)
('21.tif', 75934, 13239, 947240, 12163, 0.85670446211993)
('22.tif', 78361, 28667, 931966, 9582, 0.803822106877433)
('23.tif', 62270, 15715, 963228, 7363, 0.8436640518094)
('24.tif', 99020, 38867, 903870, 6819, 0.8125517999720998)
('25.tif', 80202, 33039, 928065, 7270, 0.7991709555434875)
('26.tif', 73644, 25019, 941305, 8608, 0.8141281817428074)
('27.tif', 79848, 26015, 931126, 11587, 0.8094151993431257)
('28.tif', 87152, 29732, 920907, 10785, 0.8113918099254729)
('29.tif', 73954, 25731, 937786, 11105, 0.8006105746330057)
('30.tif', 66528, 27362, 944771, 9915, 0.7811522136051147)
('31.tif', 55215, 16473, 966802, 10086, 0.8061231193745483)
('32.tif', 73993, 22059, 940655, 11869, 0.8134942885099552)
('33.tif', 75775, 20533, 939447, 12821, 0.8196145026608402)
('34.tif', 46920, 12720, 980338, 8598, 0.8148804251550045)
('35.tif', 85365, 18468, 931879, 12864, 0.8449386821866556)
('36.tif', 95992, 31771, 911844, 8969, 0.8249428507588388)
('37.tif', 84551, 19822, 932535, 11668, 0.8430146765573902)
('38.tif', 85261, 17580, 929111, 16624, 0.8329279134062112)
('39.tif', 83439, 19478, 927657, 18002, 0.8165963652022431)
('40.tif', 75844, 14728, 937372, 20632, 0.8109576151576066)
('meanDice', 0.828)
