/_predsToRemove/DRHAGIS/0/ ==> /_predsToRemove/DRHAGIS/0_c00001/
5 : 64 => 45 | [40429, 840, 621, 509, 375, 235, 125, 83, 77, 77, 76, 60, 57, 46, 41, 39, 35, 29, 27, 25, 25, 21, 17, 17, 17, 16, 15, 14, 12, 12, 12, 11, 10, 9, 9, 8, 8, 6, 6, 6, 6, 5, 5, 5, 5]
18 : 93 => 49 | [70439, 353, 266, 257, 158, 146, 130, 125, 121, 101, 85, 69, 59, 55, 43, 42, 42, 40, 39, 36, 33, 33, 32, 32, 32, 31, 27, 26, 25, 24, 23, 20, 19, 17, 16, 16, 15, 15, 14, 14, 13, 13, 12, 12, 11, 10, 10, 9, 8]
33 : 34 => 23 | [37325, 518, 242, 138, 135, 130, 95, 92, 73, 50, 27, 20, 19, 15, 12, 10, 10, 9, 7, 5, 5, 4, 4]
15 : 95 => 52 | [61748, 3147, 501, 467, 302, 273, 252, 102, 86, 81, 78, 78, 56, 50, 43, 38, 38, 35, 32, 31, 29, 27, 23, 20, 18, 17, 15, 15, 14, 13, 13, 12, 12, 12, 11, 11, 10, 10, 10, 10, 10, 10, 9, 8, 8, 8, 8, 8, 8, 7, 7, 7]
34 : 63 => 43 | [38255, 239, 226, 172, 134, 89, 86, 85, 64, 44, 39, 37, 35, 33, 32, 32, 23, 18, 17, 16, 15, 13, 13, 13, 11, 11, 8, 8, 7, 6, 6, 6, 5, 5, 5, 5, 5, 4, 4, 4, 4, 4, 4]
4 : 57 => 35 | [47867, 177, 164, 163, 120, 111, 87, 73, 53, 52, 49, 44, 37, 28, 22, 21, 19, 17, 16, 14, 13, 12, 11, 11, 10, 10, 10, 9, 8, 7, 7, 6, 6, 6, 5]
13 : 128 => 109 | [14171, 462, 321, 222, 185, 164, 148, 112, 106, 87, 87, 82, 76, 74, 67, 61, 60, 55, 54, 53, 53, 49, 49, 43, 39, 30, 29, 29, 29, 27, 27, 25, 24, 24, 24, 23, 23, 23, 21, 21, 21, 20, 19, 18, 18, 18, 17, 14, 14, 14, 14, 14, 14, 13, 12, 11, 11, 11, 10, 10, 9, 9, 8, 8, 7, 7, 7, 7, 7, 7, 7, 7, 6, 6, 6, 6, 6, 6, 5, 5, 5, 5, 5, 4, 4, 4, 4, 4, 4, 4, 4, 3, 3, 3, 3, 3, 3, 3, 2, 2, 2, 2, 2, 2, 2, 2, 2, 2, 2]
9 : 69 => 58 | [23501, 19859, 395, 280, 227, 199, 186, 179, 171, 171, 143, 103, 96, 91, 82, 80, 73, 67, 50, 48, 47, 47, 45, 45, 43, 38, 37, 36, 32, 24, 18, 17, 15, 14, 14, 14, 14, 13, 12, 11, 10, 9, 9, 8, 7, 7, 6, 5, 5, 5, 4, 4, 4, 4, 3, 3, 3, 3]
12 : 63 => 50 | [25879, 965, 897, 307, 302, 299, 217, 186, 163, 149, 136, 135, 131, 88, 84, 83, 83, 72, 71, 47, 32, 28, 27, 25, 23, 20, 20, 20, 18, 13, 10, 8, 8, 7, 7, 7, 4, 4, 4, 4, 4, 3, 3, 3, 3, 3, 3, 3, 3, 3]
1 : 77 => 54 | [35395, 395, 374, 324, 298, 169, 162, 144, 109, 101, 100, 81, 74, 72, 69, 64, 62, 55, 48, 44, 43, 42, 37, 36, 33, 26, 26, 25, 24, 24, 24, 21, 20, 16, 14, 14, 12, 12, 10, 10, 9, 8, 8, 8, 7, 7, 6, 6, 5, 4, 4, 4, 4, 4]
2 : 63 => 39 | [42546, 389, 198, 169, 132, 111, 93, 92, 70, 64, 61, 59, 57, 54, 51, 46, 45, 43, 35, 34, 33, 32, 26, 26, 22, 19, 18, 14, 14, 14, 13, 12, 11, 10, 10, 10, 8, 5, 5]
38 : 111 => 61 | [62196, 490, 244, 213, 166, 138, 118, 116, 111, 99, 95, 90, 88, 85, 76, 74, 71, 68, 68, 63, 62, 59, 56, 53, 49, 41, 38, 36, 34, 34, 28, 27, 27, 26, 26, 25, 24, 24, 22, 21, 20, 20, 19, 18, 17, 17, 16, 16, 16, 15, 13, 13, 13, 10, 10, 9, 8, 8, 7, 7, 7]
11 : 37 => 26 | [53466, 253, 110, 103, 102, 79, 65, 52, 45, 38, 32, 31, 27, 24, 23, 23, 19, 10, 9, 9, 7, 7, 6, 6, 6, 6]
10 : 48 => 32 | [65522, 237, 201, 194, 171, 149, 126, 122, 100, 92, 92, 88, 82, 81, 80, 48, 38, 38, 36, 32, 31, 25, 24, 20, 20, 18, 15, 14, 14, 11, 10, 9]
14 : 72 => 38 | [51021, 376, 314, 216, 169, 152, 139, 125, 113, 99, 77, 69, 65, 64, 56, 55, 51, 47, 44, 36, 34, 32, 24, 23, 22, 21, 17, 17, 16, 16, 15, 11, 11, 8, 7, 7, 7, 7]
23 : 72 => 50 | [48386, 286, 222, 221, 209, 175, 164, 105, 101, 74, 68, 68, 65, 57, 55, 47, 41, 41, 37, 35, 34, 34, 33, 32, 31, 30, 27, 24, 21, 20, 20, 19, 19, 18, 17, 16, 14, 14, 12, 12, 11, 10, 10, 9, 7, 7, 7, 6, 5, 5]
16 : 86 => 46 | [59418, 1226, 597, 481, 396, 282, 206, 170, 150, 118, 113, 92, 79, 76, 76, 76, 75, 59, 59, 57, 55, 41, 37, 36, 36, 28, 27, 22, 21, 21, 19, 16, 15, 13, 12, 11, 11, 10, 10, 10, 9, 8, 7, 7, 6, 6]
22 : 69 => 44 | [43703, 581, 439, 153, 119, 114, 109, 86, 64, 64, 61, 57, 54, 47, 46, 45, 40, 32, 31, 25, 25, 24, 22, 21, 20, 16, 12, 11, 11, 10, 10, 10, 9, 9, 7, 6, 6, 6, 6, 5, 5, 5, 5, 5]
28 : 39 => 32 | [27032, 612, 518, 489, 393, 282, 210, 166, 78, 77, 74, 69, 49, 33, 33, 33, 31, 28, 20, 12, 10, 8, 8, 7, 5, 5, 4, 4, 4, 3, 3, 3]
40 : 58 => 32 | [52850, 250, 173, 112, 110, 107, 103, 97, 82, 72, 69, 58, 50, 36, 32, 27, 23, 23, 20, 16, 14, 12, 10, 10, 9, 8, 8, 7, 6, 6, 6, 6]
32 : 44 => 31 | [34362, 266, 143, 100, 92, 88, 71, 67, 61, 57, 56, 51, 42, 41, 39, 37, 37, 18, 17, 11, 11, 8, 8, 8, 7, 6, 4, 4, 4, 4, 4]
3 : 77 => 58 | [54414, 1844, 765, 505, 453, 342, 285, 229, 222, 212, 199, 183, 162, 118, 111, 110, 92, 87, 81, 80, 78, 72, 68, 59, 54, 53, 53, 50, 50, 48, 47, 43, 31, 31, 24, 23, 22, 22, 22, 21, 18, 17, 15, 13, 13, 12, 12, 11, 10, 9, 9, 9, 8, 7, 7, 6, 6, 6]
39 : 48 => 33 | [42663, 306, 260, 243, 153, 143, 119, 107, 87, 78, 67, 63, 57, 49, 49, 46, 31, 29, 26, 26, 26, 25, 22, 20, 18, 14, 13, 12, 11, 11, 10, 8, 5]
21 : 69 => 41 | [55150, 431, 248, 240, 166, 124, 94, 85, 84, 79, 62, 48, 44, 44, 39, 36, 33, 30, 30, 28, 28, 28, 27, 25, 23, 22, 21, 20, 20, 17, 16, 13, 13, 12, 11, 10, 9, 9, 8, 8, 7]
25 : 66 => 53 | [29258, 532, 382, 278, 221, 175, 167, 161, 156, 134, 122, 114, 100, 97, 81, 80, 79, 76, 72, 66, 57, 45, 42, 38, 25, 24, 21, 20, 19, 19, 18, 17, 17, 15, 14, 13, 13, 12, 10, 9, 9, 7, 7, 6, 6, 4, 4, 4, 4, 4, 3, 3, 3]
7 : 90 => 50 | [65942, 533, 360, 266, 244, 220, 183, 155, 125, 108, 82, 74, 60, 54, 54, 53, 51, 45, 35, 34, 34, 31, 27, 26, 23, 22, 22, 20, 20, 19, 19, 16, 15, 14, 14, 13, 13, 12, 11, 10, 10, 9, 9, 9, 8, 8, 8, 7, 7, 7]
30 : 47 => 30 | [72566, 621, 429, 277, 260, 183, 178, 176, 135, 127, 118, 74, 69, 50, 50, 42, 41, 36, 35, 29, 15, 12, 12, 12, 10, 8, 8, 8, 8, 8]
8 : 60 => 45 | [47272, 761, 727, 493, 380, 350, 263, 185, 106, 104, 101, 90, 78, 51, 49, 43, 41, 41, 38, 36, 36, 34, 29, 29, 22, 22, 20, 17, 16, 15, 15, 14, 13, 13, 11, 11, 11, 10, 9, 9, 8, 8, 5, 5, 5]
17 : 79 => 44 | [59284, 1779, 334, 123, 120, 118, 95, 92, 90, 77, 76, 76, 76, 75, 71, 57, 50, 47, 40, 31, 29, 28, 26, 24, 23, 21, 18, 17, 16, 16, 16, 16, 15, 13, 13, 11, 10, 10, 9, 8, 8, 7, 7, 7]
31 : 40 => 24 | [51205, 227, 193, 109, 83, 78, 66, 65, 51, 46, 42, 37, 34, 25, 24, 24, 23, 15, 14, 11, 10, 7, 6, 6]
36 : 76 => 51 | [59092, 787, 325, 285, 240, 237, 136, 133, 122, 119, 101, 101, 80, 72, 71, 70, 68, 63, 56, 51, 45, 43, 40, 37, 36, 36, 35, 33, 31, 29, 29, 26, 25, 22, 21, 20, 20, 18, 16, 14, 13, 13, 11, 11, 11, 10, 10, 10, 8, 7, 7]
20 : 87 => 39 | [88450, 1191, 494, 273, 171, 82, 81, 73, 72, 72, 66, 65, 63, 60, 57, 52, 42, 41, 36, 33, 31, 31, 21, 21, 20, 19, 14, 13, 13, 13, 12, 11, 11, 10, 10, 9, 9, 9, 9]
37 : 53 => 39 | [33975, 478, 239, 143, 137, 110, 110, 103, 91, 90, 85, 82, 82, 65, 59, 57, 56, 49, 46, 43, 36, 34, 31, 30, 22, 21, 20, 11, 9, 9, 9, 8, 7, 7, 5, 4, 4, 4, 4]
29 : 69 => 38 | [43614, 710, 334, 260, 164, 159, 118, 105, 86, 82, 74, 69, 68, 63, 61, 56, 50, 49, 46, 44, 28, 25, 20, 20, 19, 19, 19, 18, 17, 14, 12, 12, 12, 11, 10, 9, 7, 5]
6 : 110 => 87 | [25772, 304, 273, 143, 132, 110, 106, 102, 101, 100, 94, 80, 74, 70, 66, 53, 49, 47, 45, 42, 42, 41, 39, 32, 31, 30, 29, 28, 28, 27, 26, 26, 24, 24, 22, 21, 21, 21, 19, 18, 18, 17, 16, 16, 15, 15, 14, 13, 13, 12, 12, 12, 10, 9, 9, 9, 9, 8, 8, 8, 8, 8, 7, 7, 7, 7, 7, 7, 6, 6, 6, 6, 6, 6, 5, 5, 5, 5, 4, 4, 3, 3, 3, 3, 3, 3, 3]
24 : 44 => 31 | [34362, 266, 143, 100, 92, 88, 71, 67, 61, 57, 56, 51, 42, 41, 39, 37, 37, 18, 17, 11, 11, 8, 8, 8, 7, 6, 4, 4, 4, 4, 4]
35 : 57 => 47 | [22163, 847, 182, 175, 142, 127, 126, 120, 120, 117, 117, 115, 115, 102, 71, 70, 67, 65, 65, 61, 38, 32, 27, 21, 19, 15, 14, 13, 13, 12, 9, 9, 9, 8, 7, 6, 5, 5, 5, 4, 4, 3, 3, 3, 3, 3, 3]
26 : 63 => 43 | [24184, 10608, 315, 292, 221, 213, 158, 151, 138, 124, 113, 99, 79, 71, 63, 58, 54, 54, 44, 37, 34, 30, 26, 24, 15, 14, 14, 13, 11, 11, 11, 10, 9, 9, 9, 8, 7, 7, 7, 4, 4, 3, 3]
19 : 152 => 94 | [44247, 2016, 1651, 1320, 225, 222, 187, 160, 139, 124, 120, 99, 75, 62, 62, 60, 52, 47, 47, 47, 45, 44, 44, 44, 43, 43, 42, 39, 39, 39, 38, 35, 35, 33, 32, 31, 29, 28, 27, 26, 26, 21, 21, 20, 20, 20, 18, 17, 17, 17, 16, 16, 16, 15, 14, 14, 13, 13, 13, 12, 12, 11, 11, 10, 10, 10, 10, 10, 10, 9, 9, 9, 9, 8, 8, 8, 8, 7, 7, 7, 7, 7, 6, 6, 6, 6, 6, 5, 5, 5, 5, 5, 5, 5]
27 : 66 => 51 | [41017, 542, 503, 486, 277, 155, 137, 82, 80, 79, 77, 74, 62, 60, 59, 58, 57, 51, 48, 48, 42, 40, 38, 37, 36, 29, 27, 25, 23, 21, 19, 19, 19, 18, 17, 16, 15, 13, 13, 13, 13, 10, 10, 8, 7, 7, 7, 7, 5, 5, 5]
/_predsToRemove/DRHAGIS/0_c00001/ ==> /data/DRHAGIS/targetVessels/1024x1024/all/
colorMode : Grayscale
daMode : ['noDA']
imageToTensor length: 40
('imgName', 'TP', 'FP', 'TN', 'FN', 'DICE')
('1.png', 27992, 5272, 1004611, 10701, 0.7780202065122226)
('10.png', 58682, 5830, 975006, 9058, 0.887427033239573)
('11.png', 46444, 4653, 989365, 8114, 0.8791633145615446)
('12.png', 23867, 2615, 1015347, 6747, 0.8360305450469385)
('13.png', 12090, 1825, 1028973, 5688, 0.7629444987852207)
('14.png', 43338, 4501, 990492, 10245, 0.8546074816114847)
('15.png', 54813, 6566, 974172, 13025, 0.8483868221673618)
('16.png', 48634, 5300, 978976, 15666, 0.8226736810054638)
('17.png', 49182, 6955, 978542, 13897, 0.8250905918668635)
('18.png', 57037, 6191, 969217, 16131, 0.8363441743159623)
('19.png', 35376, 5335, 990942, 16923, 0.76069239866681)
('2.png', 32820, 10293, 993632, 11831, 0.7479148625860261)
('20.png', 72369, 7285, 949531, 19391, 0.8443767720256222)
('21.png', 46203, 7942, 983192, 11239, 0.8281072167904864)
('22.png', 36844, 6883, 995557, 9292, 0.8200037835371621)
('23.png', 40522, 10991, 986604, 10459, 0.7907194567486877)
('24.png', 28725, 5521, 1007331, 6999, 0.8210661712162355)
('25.png', 23716, 7388, 1008325, 9147, 0.7415073397220442)
('26.png', 28664, 8378, 1002839, 8695, 0.7705272778591685)
('27.png', 34723, 8682, 995378, 9793, 0.7898681771135451)
('28.png', 22763, 6208, 1012065, 7540, 0.7680601950264871)
('29.png', 37526, 6975, 995112, 8963, 0.824837894274096)
('3.png', 49426, 9146, 977877, 12127, 0.8229094693028096)
('30.png', 62143, 9891, 963088, 13454, 0.8418692551022482)
('31.png', 44826, 10806, 985369, 7575, 0.8298575435283664)
('32.png', 28725, 5521, 1007331, 6999, 0.8210661712162355)
('33.png', 30878, 7345, 1002286, 8067, 0.8002799087704748)
('34.png', 32797, 9391, 999343, 7045, 0.7996342801414117)
('35.png', 20057, 6781, 1016535, 5203, 0.7699719758915889)
('36.png', 52614, 13757, 971923, 10282, 0.8140360648889507)
('37.png', 28263, 7785, 1004416, 8112, 0.78049790812311)
('38.png', 50095, 13514, 969402, 15565, 0.7750504761389041)
('39.png', 34430, 7287, 996492, 10367, 0.7959405414152623)
('4.png', 39238, 7425, 991886, 10027, 0.8180718872487699)
('40.png', 43179, 9178, 984986, 11233, 0.8088302784516105)
('5.png', 32766, 7256, 997237, 11317, 0.7791688960228286)
('6.png', 20274, 8519, 1011359, 8424, 0.7052930023829816)
('7.png', 52623, 10229, 969206, 16518, 0.7973604660853227)
('8.png', 37082, 6915, 990065, 14514, 0.7758308662768194)
('9.png', 36821, 8018, 993922, 9815, 0.8050505602623668)
('meanDice', 0.804)
/_predsToRemove/DRHAGIS/1/ ==> /_predsToRemove/DRHAGIS/1_c00001/
5 : 84 => 51 | [42294, 497, 195, 94, 85, 82, 75, 66, 64, 62, 59, 58, 57, 56, 52, 50, 50, 43, 42, 39, 36, 33, 31, 31, 25, 23, 22, 18, 18, 17, 16, 15, 14, 14, 12, 12, 12, 11, 11, 11, 10, 9, 9, 8, 7, 6, 6, 6, 6, 5, 5]
18 : 97 => 48 | [67485, 2605, 669, 136, 104, 102, 98, 96, 82, 60, 60, 57, 54, 51, 49, 47, 47, 45, 39, 39, 38, 38, 32, 28, 27, 25, 22, 17, 16, 16, 15, 15, 15, 15, 12, 12, 11, 11, 11, 10, 10, 9, 9, 8, 8, 7, 7, 7]
33 : 41 => 28 | [36129, 607, 423, 176, 85, 75, 69, 67, 62, 58, 53, 44, 35, 34, 29, 24, 14, 12, 12, 12, 10, 7, 7, 6, 5, 5, 5, 4]
15 : 102 => 53 | [63038, 3358, 504, 459, 394, 351, 187, 144, 57, 56, 42, 37, 29, 29, 26, 25, 23, 22, 20, 20, 19, 17, 17, 16, 16, 15, 14, 14, 13, 13, 13, 11, 11, 11, 10, 10, 9, 9, 9, 9, 9, 8, 8, 8, 8, 8, 8, 8, 8, 8, 7, 7, 7]
34 : 63 => 41 | [39710, 176, 174, 140, 139, 123, 98, 97, 90, 63, 62, 60, 50, 50, 47, 34, 31, 30, 26, 23, 20, 19, 19, 16, 16, 15, 14, 13, 12, 12, 11, 8, 7, 7, 5, 5, 5, 5, 5, 4, 4]
4 : 73 => 40 | [45991, 1818, 432, 273, 168, 117, 88, 83, 67, 64, 61, 59, 46, 42, 40, 23, 19, 17, 16, 16, 16, 14, 14, 12, 12, 11, 10, 10, 10, 9, 9, 8, 8, 6, 6, 6, 5, 5, 5, 5]
13 : 141 => 111 | [14415, 473, 279, 196, 153, 125, 120, 74, 55, 55, 54, 45, 43, 38, 38, 38, 27, 26, 23, 22, 22, 21, 19, 17, 15, 14, 14, 13, 13, 11, 11, 10, 10, 10, 9, 9, 9, 8, 8, 7, 7, 7, 7, 6, 6, 6, 6, 5, 5, 5, 5, 5, 5, 5, 5, 5, 4, 4, 4, 4, 4, 4, 4, 4, 4, 3, 3, 3, 3, 3, 3, 3, 3, 3, 3, 3, 3, 3, 3, 3, 3, 3, 3, 3, 3, 2, 2, 2, 2, 2, 2, 2, 2, 2, 2, 2, 2, 2, 2, 2, 2, 2, 2, 2, 2, 2, 2, 2, 2, 2, 2]
9 : 88 => 54 | [45496, 314, 204, 202, 194, 179, 151, 123, 118, 115, 83, 81, 81, 59, 54, 48, 46, 45, 44, 35, 28, 23, 23, 22, 22, 21, 21, 21, 18, 18, 18, 18, 17, 17, 16, 14, 13, 12, 12, 11, 11, 10, 10, 9, 9, 8, 6, 6, 6, 6, 5, 5, 5, 5]
12 : 79 => 54 | [26738, 984, 287, 213, 205, 175, 166, 117, 110, 108, 101, 97, 78, 69, 68, 55, 55, 35, 31, 31, 30, 28, 26, 24, 21, 19, 19, 16, 16, 15, 15, 14, 13, 12, 12, 11, 10, 7, 7, 7, 7, 6, 6, 5, 5, 4, 4, 4, 3, 3, 3, 3, 3, 3]
1 : 93 => 67 | [34271, 881, 639, 413, 340, 204, 179, 174, 156, 153, 119, 97, 87, 69, 64, 56, 53, 51, 49, 47, 46, 45, 44, 43, 42, 42, 41, 41, 39, 39, 35, 34, 27, 26, 26, 24, 19, 19, 17, 16, 14, 14, 14, 13, 12, 12, 12, 12, 10, 9, 9, 9, 8, 7, 7, 7, 7, 7, 6, 6, 6, 5, 5, 5, 4, 4, 4]
2 : 74 => 49 | [44481, 135, 103, 101, 99, 98, 89, 81, 77, 73, 69, 61, 61, 61, 59, 58, 54, 51, 50, 46, 44, 43, 39, 38, 33, 29, 25, 22, 22, 20, 15, 14, 12, 12, 11, 10, 10, 9, 9, 8, 8, 7, 6, 6, 6, 5, 5, 5, 5]
38 : 82 => 46 | [63452, 193, 181, 138, 126, 120, 112, 103, 102, 91, 87, 86, 81, 80, 73, 72, 67, 65, 56, 51, 47, 45, 44, 38, 36, 35, 34, 33, 31, 20, 17, 16, 16, 15, 15, 15, 13, 13, 11, 11, 10, 10, 9, 8, 8, 7]
11 : 59 => 24 | [54175, 263, 138, 128, 112, 105, 96, 77, 72, 48, 41, 34, 23, 19, 15, 13, 12, 9, 9, 7, 7, 6, 6, 6]
10 : 45 => 32 | [65498, 228, 169, 165, 163, 138, 134, 131, 103, 97, 97, 91, 83, 77, 65, 45, 45, 44, 43, 41, 36, 31, 29, 22, 17, 17, 16, 16, 15, 9, 8, 7]
14 : 96 => 62 | [52624, 286, 245, 138, 126, 125, 107, 94, 89, 87, 86, 79, 68, 67, 65, 60, 51, 44, 43, 43, 39, 38, 38, 37, 35, 33, 30, 26, 21, 21, 21, 21, 20, 20, 19, 18, 18, 17, 17, 16, 16, 15, 14, 14, 13, 12, 11, 11, 10, 10, 9, 9, 8, 8, 7, 7, 7, 6, 6, 6, 6, 6]
23 : 72 => 49 | [50212, 286, 203, 193, 148, 146, 142, 131, 114, 99, 86, 81, 74, 70, 55, 49, 47, 44, 44, 41, 38, 37, 36, 31, 27, 27, 26, 25, 21, 21, 19, 14, 14, 12, 12, 11, 11, 11, 11, 11, 10, 10, 10, 9, 9, 8, 7, 6, 6]
16 : 71 => 38 | [60776, 1000, 504, 347, 190, 141, 109, 99, 97, 84, 77, 76, 63, 49, 30, 27, 25, 24, 24, 23, 23, 22, 17, 14, 13, 13, 13, 12, 12, 12, 12, 11, 11, 9, 9, 9, 7, 7]
22 : 53 => 34 | [44628, 650, 229, 219, 161, 148, 93, 88, 65, 51, 50, 47, 47, 44, 38, 33, 33, 30, 17, 16, 15, 13, 12, 11, 10, 10, 9, 8, 8, 8, 8, 7, 7, 5]
28 : 53 => 38 | [27461, 783, 691, 432, 253, 170, 144, 126, 100, 86, 85, 76, 66, 65, 51, 28, 17, 16, 14, 13, 13, 12, 12, 12, 9, 8, 7, 6, 6, 5, 4, 4, 3, 3, 3, 3, 3, 3]
40 : 47 => 30 | [51000, 374, 220, 213, 162, 128, 125, 117, 105, 104, 93, 90, 85, 82, 72, 71, 54, 39, 23, 22, 19, 19, 18, 12, 9, 7, 6, 6, 6, 6]
32 : 41 => 27 | [35214, 642, 202, 188, 172, 137, 136, 132, 123, 82, 79, 37, 27, 21, 20, 17, 9, 7, 7, 7, 7, 6, 6, 6, 5, 4, 4]
3 : 86 => 62 | [56305, 1918, 660, 512, 478, 268, 252, 239, 152, 137, 134, 113, 110, 105, 101, 78, 70, 69, 55, 47, 41, 40, 37, 37, 31, 29, 28, 25, 24, 24, 24, 23, 22, 20, 19, 18, 18, 18, 16, 16, 16, 15, 14, 13, 12, 11, 11, 11, 11, 10, 9, 9, 8, 8, 8, 8, 7, 7, 7, 7, 6, 6]
39 : 41 => 31 | [43596, 629, 199, 198, 190, 186, 175, 152, 133, 94, 90, 88, 66, 60, 45, 40, 33, 28, 26, 25, 24, 19, 16, 16, 13, 11, 10, 7, 7, 6, 5]
21 : 83 => 50 | [56131, 295, 252, 187, 142, 131, 124, 112, 98, 95, 91, 90, 80, 46, 37, 30, 28, 22, 22, 21, 21, 19, 19, 19, 18, 18, 17, 16, 15, 14, 12, 11, 11, 11, 10, 9, 9, 8, 8, 7, 7, 7, 7, 6, 6, 6, 6, 6, 6, 6]
25 : 57 => 41 | [30767, 568, 321, 188, 177, 155, 131, 131, 124, 111, 106, 97, 95, 91, 71, 69, 67, 66, 63, 57, 53, 39, 30, 27, 21, 20, 15, 12, 12, 8, 7, 7, 6, 5, 5, 5, 5, 5, 4, 4, 4]
7 : 115 => 63 | [67692, 583, 267, 150, 125, 115, 113, 93, 91, 90, 87, 83, 75, 75, 69, 69, 67, 60, 58, 55, 52, 52, 52, 43, 40, 39, 36, 32, 31, 30, 29, 23, 22, 21, 20, 19, 19, 18, 17, 17, 16, 15, 15, 13, 13, 13, 13, 12, 11, 10, 10, 10, 8, 8, 8, 8, 7, 7, 7, 7, 7, 7, 7]
30 : 37 => 24 | [71648, 672, 455, 265, 253, 193, 155, 118, 111, 108, 78, 62, 62, 54, 38, 38, 35, 27, 26, 26, 15, 14, 12, 10]
8 : 79 => 57 | [44723, 1342, 1314, 649, 533, 402, 319, 252, 240, 186, 167, 153, 136, 129, 128, 99, 95, 86, 80, 57, 56, 56, 54, 45, 41, 40, 37, 36, 33, 27, 26, 23, 20, 20, 16, 14, 13, 13, 12, 12, 11, 11, 11, 11, 11, 10, 8, 7, 7, 7, 6, 6, 6, 6, 5, 5, 5]
17 : 78 => 41 | [62685, 202, 172, 147, 117, 110, 102, 102, 90, 86, 62, 43, 41, 41, 40, 39, 39, 37, 32, 31, 26, 23, 22, 22, 22, 21, 19, 18, 18, 17, 13, 11, 11, 11, 9, 8, 8, 8, 7, 7, 7]
31 : 50 => 28 | [53372, 199, 114, 92, 79, 63, 58, 47, 44, 39, 35, 30, 29, 27, 27, 20, 17, 15, 15, 13, 12, 10, 9, 9, 8, 8, 7, 7]
36 : 70 => 43 | [59953, 351, 209, 207, 194, 165, 154, 135, 130, 129, 128, 121, 102, 97, 88, 78, 78, 71, 69, 67, 57, 56, 54, 40, 36, 35, 33, 30, 25, 22, 22, 21, 20, 20, 13, 10, 8, 8, 8, 8, 7, 7, 7]
20 : 85 => 42 | [85281, 1228, 262, 261, 245, 155, 147, 141, 130, 112, 99, 89, 88, 86, 86, 85, 81, 65, 62, 61, 60, 52, 45, 36, 34, 34, 28, 23, 21, 18, 17, 15, 15, 15, 13, 12, 12, 12, 11, 10, 10, 9]
37 : 63 => 43 | [34760, 651, 318, 305, 237, 153, 130, 122, 116, 90, 89, 87, 86, 60, 57, 55, 54, 44, 41, 35, 30, 24, 23, 21, 18, 15, 15, 13, 12, 11, 9, 9, 8, 7, 6, 5, 5, 5, 5, 5, 5, 5, 4]
29 : 77 => 49 | [45058, 676, 327, 275, 170, 163, 118, 116, 89, 89, 82, 81, 75, 70, 55, 54, 53, 45, 40, 40, 37, 32, 30, 30, 29, 27, 23, 21, 18, 16, 16, 15, 15, 15, 14, 12, 11, 10, 10, 10, 10, 8, 6, 6, 6, 5, 5, 5, 5]
6 : 171 => 136 | [26822, 302, 240, 168, 153, 151, 149, 149, 122, 117, 112, 104, 103, 101, 91, 87, 80, 79, 72, 71, 71, 66, 60, 60, 58, 57, 54, 54, 53, 49, 46, 43, 38, 38, 37, 36, 34, 34, 33, 33, 29, 28, 26, 26, 25, 24, 24, 24, 23, 23, 22, 22, 21, 19, 18, 18, 17, 17, 17, 16, 16, 15, 14, 14, 12, 12, 12, 12, 11, 11, 10, 10, 10, 10, 10, 9, 9, 9, 9, 9, 9, 8, 8, 8, 8, 7, 7, 7, 7, 7, 7, 7, 7, 7, 6, 6, 6, 6, 6, 6, 6, 6, 6, 6, 5, 5, 5, 5, 5, 5, 5, 5, 5, 5, 4, 4, 4, 4, 4, 3, 3, 3, 3, 3, 3, 3, 3, 3, 3, 3, 3, 3, 3, 3, 3, 3]
24 : 41 => 27 | [35214, 642, 202, 188, 172, 137, 136, 132, 123, 82, 79, 37, 27, 21, 20, 17, 9, 7, 7, 7, 7, 6, 6, 6, 5, 4, 4]
35 : 62 => 45 | [21541, 850, 771, 285, 232, 212, 208, 191, 179, 151, 144, 136, 108, 106, 99, 85, 70, 62, 44, 35, 33, 29, 28, 28, 28, 25, 19, 19, 11, 9, 7, 7, 7, 6, 6, 6, 5, 5, 5, 4, 4, 3, 3, 3, 3]
26 : 55 => 40 | [24634, 11249, 415, 391, 389, 215, 209, 201, 195, 182, 125, 92, 86, 83, 61, 61, 59, 49, 46, 45, 32, 30, 22, 19, 17, 16, 12, 12, 11, 11, 8, 6, 6, 4, 4, 4, 3, 3, 3, 3]
19 : 120 => 74 | [45793, 1726, 605, 261, 197, 118, 115, 106, 106, 74, 63, 62, 59, 56, 55, 54, 51, 49, 41, 39, 37, 36, 35, 32, 31, 28, 27, 27, 26, 26, 25, 25, 24, 24, 24, 23, 23, 22, 21, 20, 19, 19, 16, 15, 15, 15, 14, 14, 14, 13, 12, 12, 11, 11, 10, 10, 10, 8, 8, 8, 7, 7, 7, 6, 6, 6, 6, 6, 6, 5, 5, 5, 5, 5]
27 : 65 => 46 | [44346, 181, 177, 158, 136, 124, 94, 91, 76, 71, 66, 65, 63, 60, 60, 46, 43, 38, 34, 34, 32, 31, 25, 23, 21, 20, 19, 19, 18, 16, 15, 15, 14, 13, 12, 11, 11, 10, 8, 7, 7, 6, 6, 6, 5, 5]
/_predsToRemove/DRHAGIS/1_c00001/ ==> /data/DRHAGIS/targetVessels/1024x1024/all/
colorMode : Grayscale
daMode : ['noDA']
imageToTensor length: 40
('imgName', 'TP', 'FP', 'TN', 'FN', 'DICE')
('1.png', 28152, 5112, 1004469, 10843, 0.7791970550381268)
('10.png', 59677, 4835, 976061, 8003, 0.9028836843379328)
('11.png', 47269, 3828, 989327, 8152, 0.8875307459772057)
('12.png', 24329, 2153, 1016319, 5775, 0.8598946735941753)
('13.png', 12211, 1704, 1030085, 4576, 0.795453064946909)
('14.png', 43974, 3865, 989468, 11269, 0.8531848431345919)
('15.png', 56046, 5333, 974064, 13133, 0.8585609460929242)
('16.png', 49660, 4274, 980311, 14331, 0.8422302310790757)
('17.png', 50055, 6082, 977968, 14471, 0.8296660948260859)
('18.png', 57804, 5424, 970776, 14572, 0.8525412229727737)
('19.png', 36292, 4419, 993655, 14210, 0.7957637617444882)
('2.png', 33142, 9971, 992220, 13243, 0.7406199021207178)
('20.png', 72592, 7062, 952248, 16674, 0.8594837793038125)
('21.png', 47099, 7046, 983161, 11270, 0.8372113692518265)
('22.png', 37933, 5794, 995964, 8885, 0.837881716273676)
('23.png', 42415, 9098, 986723, 10340, 0.8135765527295047)
('24.png', 30065, 4181, 1007098, 7232, 0.8404735613547097)
('25.png', 24655, 6449, 1008378, 9094, 0.7603349112608515)
('26.png', 29935, 7107, 1002456, 9078, 0.7871934784037867)
('27.png', 35987, 7418, 994820, 10351, 0.802001270294062)
('28.png', 23701, 5270, 1012513, 7092, 0.7931530687370323)
('29.png', 38467, 6034, 994419, 9656, 0.8306054586284333)
('3.png', 49299, 9273, 976776, 13228, 0.8141933459400986)
('30.png', 62189, 9845, 964256, 12286, 0.8489444334477746)
('31.png', 46000, 9632, 984539, 8405, 0.8360824086443651)
('32.png', 30065, 4181, 1007098, 7232, 0.8404735613547097)
('33.png', 30934, 7289, 1003218, 7135, 0.8109369265453783)
('34.png', 34128, 8060, 999071, 7317, 0.8161371707340404)
('35.png', 21033, 5805, 1016959, 4779, 0.798974358974359)
('36.png', 53373, 12998, 972505, 9700, 0.8246500417168814)
('37.png', 29302, 6746, 1004080, 8448, 0.7941136616168459)
('38.png', 51683, 11926, 970757, 14210, 0.7981807230776359)
('39.png', 35643, 6074, 996315, 10544, 0.810952857662905)
('4.png', 38745, 7918, 991037, 10876, 0.8048066137676042)
('40.png', 43450, 8907, 986382, 9837, 0.8225739275301958)
('5.png', 32596, 7426, 996671, 11883, 0.7714938284754027)
('6.png', 20808, 7985, 1009416, 10367, 0.6939701173959445)
('7.png', 52637, 10215, 967500, 18224, 0.7873131258740735)
('8.png', 36853, 7144, 989615, 14964, 0.7692612770576325)
('9.png', 37406, 7433, 993005, 10732, 0.8046291018208804)
('meanDice', 0.815)
/_predsToRemove/DRHAGIS/2/ ==> /_predsToRemove/DRHAGIS/2_c00001/
5 : 82 => 55 | [44025, 901, 225, 207, 193, 142, 121, 101, 97, 89, 85, 85, 80, 75, 69, 63, 40, 38, 37, 34, 33, 33, 32, 30, 24, 20, 19, 18, 17, 16, 16, 13, 13, 13, 12, 12, 11, 11, 11, 10, 10, 10, 9, 9, 8, 7, 7, 6, 6, 6, 5, 5, 5, 5, 5]
18 : 92 => 66 | [36013, 33237, 1115, 499, 317, 164, 130, 114, 112, 100, 94, 93, 92, 77, 73, 72, 66, 61, 57, 49, 46, 45, 44, 28, 27, 25, 22, 22, 21, 19, 17, 17, 16, 16, 15, 15, 15, 15, 14, 14, 12, 12, 11, 10, 10, 10, 9, 9, 8, 8, 8, 8, 8, 7, 6, 6, 6, 6, 5, 5, 4, 4, 4, 4, 4, 4]
33 : 32 => 23 | [39044, 542, 315, 236, 150, 99, 93, 86, 63, 63, 29, 26, 23, 22, 14, 13, 9, 8, 5, 5, 5, 4, 4]
15 : 103 => 57 | [62339, 3313, 658, 435, 361, 285, 263, 255, 218, 214, 135, 104, 102, 77, 72, 71, 67, 67, 56, 55, 48, 45, 35, 34, 26, 25, 24, 23, 23, 23, 23, 23, 23, 21, 19, 19, 18, 17, 15, 13, 12, 11, 10, 10, 9, 9, 9, 8, 8, 8, 8, 7, 7, 7, 7, 7, 7]
34 : 69 => 41 | [39884, 261, 139, 136, 135, 120, 111, 108, 81, 81, 77, 73, 63, 50, 41, 38, 31, 30, 28, 27, 23, 23, 23, 21, 19, 14, 14, 14, 13, 12, 12, 11, 11, 11, 10, 7, 7, 6, 5, 5, 4]
4 : 62 => 39 | [49239, 179, 126, 73, 65, 51, 43, 26, 26, 23, 17, 16, 16, 15, 14, 14, 14, 14, 13, 12, 12, 12, 11, 10, 10, 10, 9, 9, 8, 8, 7, 7, 7, 6, 6, 5, 5, 5, 5]
13 : 123 => 122 | [9231, 5487, 528, 326, 257, 228, 178, 169, 165, 128, 127, 98, 74, 59, 52, 47, 45, 43, 42, 36, 32, 29, 27, 25, 24, 23, 23, 23, 20, 19, 19, 17, 16, 16, 16, 15, 15, 14, 13, 13, 12, 12, 11, 11, 10, 10, 10, 9, 9, 8, 8, 8, 7, 7, 7, 6, 6, 6, 6, 6, 6, 5, 5, 4, 4, 4, 4, 4, 4, 4, 4, 4, 4, 3, 3, 3, 3, 3, 3, 3, 3, 3, 3, 3, 3, 3, 3, 3, 3, 2, 2, 2, 2, 2, 2, 2, 2, 2, 2, 1, 1, 1, 1, 1, 1, 1, 1, 1, 1, 1, 1, 1, 1, 1, 1, 1, 1, 1, 1, 1, 1, 1]
9 : 72 => 53 | [25253, 21270, 323, 253, 196, 174, 173, 153, 149, 131, 125, 119, 95, 75, 69, 64, 53, 50, 45, 39, 35, 35, 29, 28, 27, 25, 24, 23, 23, 23, 22, 20, 17, 17, 15, 15, 14, 10, 10, 9, 7, 7, 6, 5, 4, 4, 4, 4, 4, 3, 3, 3, 3]
12 : 97 => 65 | [28374, 1081, 445, 338, 226, 183, 139, 132, 110, 99, 98, 67, 62, 62, 39, 37, 35, 34, 33, 32, 32, 29, 29, 27, 27, 19, 17, 17, 16, 16, 12, 12, 12, 11, 11, 10, 9, 9, 9, 9, 8, 8, 8, 8, 7, 6, 6, 6, 6, 5, 5, 5, 5, 5, 4, 4, 4, 4, 3, 3, 3, 3, 3, 3, 3]
1 : 95 => 68 | [37508, 419, 259, 228, 213, 180, 177, 134, 118, 104, 102, 85, 81, 60, 57, 45, 43, 43, 42, 41, 40, 39, 37, 36, 33, 26, 26, 25, 23, 23, 22, 22, 22, 20, 18, 15, 15, 15, 15, 14, 14, 14, 13, 12, 12, 12, 11, 11, 10, 9, 8, 8, 7, 7, 7, 6, 6, 6, 6, 6, 5, 5, 5, 5, 4, 4, 4, 4]
2 : 68 => 45 | [45795, 398, 202, 198, 167, 136, 120, 116, 94, 89, 71, 60, 57, 53, 53, 51, 50, 43, 38, 36, 32, 30, 27, 25, 23, 22, 22, 18, 16, 15, 15, 14, 12, 11, 10, 9, 9, 9, 8, 8, 8, 7, 7, 6, 5]
38 : 107 => 66 | [62883, 283, 260, 178, 164, 164, 164, 140, 131, 111, 110, 108, 91, 87, 86, 84, 82, 77, 55, 51, 50, 47, 43, 41, 37, 36, 34, 32, 30, 29, 26, 26, 25, 25, 23, 23, 22, 20, 20, 19, 19, 18, 18, 18, 17, 17, 15, 14, 12, 12, 12, 11, 11, 11, 10, 9, 9, 9, 8, 8, 8, 8, 7, 7, 7, 7]
11 : 49 => 17 | [56134, 273, 193, 139, 119, 82, 26, 24, 23, 19, 17, 14, 12, 9, 8, 6, 6]
10 : 52 => 34 | [66084, 445, 225, 192, 192, 146, 135, 129, 126, 125, 80, 66, 60, 59, 52, 49, 49, 43, 43, 42, 42, 26, 26, 23, 19, 19, 19, 16, 15, 15, 13, 13, 10, 7]
14 : 88 => 47 | [53327, 398, 348, 244, 182, 140, 139, 137, 125, 123, 117, 89, 88, 84, 69, 63, 60, 54, 50, 47, 34, 27, 24, 20, 19, 19, 19, 18, 18, 18, 17, 16, 14, 13, 13, 11, 10, 10, 10, 10, 9, 8, 8, 7, 7, 7, 6]
23 : 69 => 43 | [52836, 282, 228, 149, 129, 124, 122, 117, 115, 112, 111, 84, 73, 72, 70, 67, 50, 42, 39, 38, 35, 28, 25, 25, 24, 23, 22, 18, 18, 14, 12, 11, 10, 9, 8, 8, 7, 7, 6, 6, 6, 6, 6]
16 : 78 => 48 | [60595, 1163, 578, 351, 293, 214, 181, 154, 96, 96, 92, 89, 57, 55, 49, 42, 33, 33, 28, 27, 26, 26, 25, 23, 22, 22, 21, 18, 17, 17, 16, 14, 13, 12, 12, 10, 10, 10, 10, 10, 10, 10, 9, 8, 7, 7, 7, 7]
22 : 44 => 30 | [46629, 707, 365, 152, 126, 121, 76, 63, 61, 46, 44, 42, 29, 25, 22, 19, 19, 18, 18, 16, 14, 12, 11, 9, 8, 8, 7, 6, 5, 5]
28 : 42 => 25 | [29672, 819, 445, 236, 234, 130, 119, 99, 96, 80, 78, 64, 55, 36, 22, 20, 18, 14, 11, 7, 7, 5, 4, 4, 3]
40 : 60 => 37 | [53722, 309, 201, 117, 111, 110, 102, 93, 89, 86, 80, 72, 71, 71, 69, 47, 43, 37, 36, 30, 27, 23, 20, 19, 18, 18, 16, 14, 12, 10, 9, 8, 8, 8, 7, 6, 6]
32 : 47 => 34 | [36563, 578, 252, 246, 139, 108, 80, 72, 65, 64, 60, 45, 39, 39, 37, 36, 30, 22, 21, 18, 14, 14, 13, 11, 9, 8, 6, 5, 5, 4, 4, 4, 4, 4]
3 : 86 => 58 | [56423, 1841, 740, 488, 478, 428, 287, 243, 189, 181, 171, 98, 94, 84, 79, 79, 78, 72, 66, 64, 63, 59, 47, 46, 43, 39, 38, 36, 34, 34, 34, 25, 25, 24, 23, 23, 20, 19, 18, 17, 16, 16, 15, 13, 13, 11, 11, 11, 11, 11, 9, 9, 9, 8, 7, 6, 6, 6]
39 : 75 => 52 | [45484, 186, 186, 185, 177, 169, 168, 110, 81, 51, 49, 31, 29, 28, 23, 21, 20, 20, 19, 18, 17, 17, 17, 16, 16, 16, 16, 14, 14, 14, 14, 12, 12, 12, 11, 11, 10, 10, 9, 9, 9, 8, 8, 8, 8, 7, 6, 6, 6, 5, 5, 5]
21 : 84 => 46 | [56962, 1060, 296, 288, 175, 114, 100, 93, 88, 73, 52, 51, 50, 42, 38, 34, 34, 33, 31, 30, 29, 27, 25, 25, 24, 22, 22, 21, 20, 16, 16, 15, 14, 13, 12, 12, 12, 12, 11, 9, 8, 8, 6, 6, 6, 6]
25 : 74 => 52 | [30581, 547, 544, 328, 240, 238, 183, 173, 122, 117, 108, 95, 82, 77, 76, 75, 67, 66, 56, 47, 46, 37, 31, 30, 28, 25, 24, 23, 19, 14, 12, 12, 11, 10, 9, 8, 8, 7, 7, 6, 6, 5, 5, 5, 5, 4, 4, 4, 4, 4, 4, 4]
7 : 94 => 48 | [67099, 754, 751, 562, 179, 170, 168, 157, 144, 141, 89, 84, 74, 56, 48, 47, 47, 45, 43, 42, 40, 39, 31, 29, 27, 27, 25, 22, 20, 18, 18, 17, 17, 15, 13, 12, 12, 10, 10, 10, 10, 10, 9, 9, 8, 8, 7, 7]
30 : 45 => 25 | [73631, 647, 442, 289, 279, 245, 189, 178, 173, 121, 86, 44, 32, 26, 25, 19, 15, 15, 14, 14, 13, 12, 10, 9, 8]
8 : 76 => 56 | [46615, 1648, 653, 614, 525, 446, 379, 341, 261, 159, 153, 130, 126, 99, 91, 84, 77, 75, 71, 67, 63, 55, 49, 44, 41, 39, 37, 36, 29, 27, 27, 25, 21, 20, 19, 15, 14, 14, 13, 13, 12, 12, 11, 10, 10, 9, 8, 8, 8, 8, 7, 6, 5, 5, 5, 5]
17 : 59 => 29 | [64948, 118, 101, 93, 86, 86, 52, 49, 38, 34, 33, 28, 28, 26, 24, 24, 23, 23, 22, 21, 20, 17, 15, 14, 14, 11, 10, 8, 8]
31 : 58 => 23 | [54076, 245, 223, 162, 109, 76, 62, 60, 56, 51, 46, 39, 34, 23, 20, 19, 18, 13, 10, 10, 8, 6, 6]
36 : 69 => 48 | [59183, 819, 401, 288, 218, 196, 186, 149, 144, 141, 136, 129, 128, 125, 121, 116, 94, 78, 73, 72, 71, 70, 66, 65, 57, 44, 39, 38, 33, 32, 31, 30, 30, 25, 22, 21, 18, 18, 18, 17, 16, 13, 13, 12, 11, 10, 7, 6]
20 : 77 => 33 | [87294, 1187, 566, 462, 354, 245, 245, 236, 178, 121, 115, 77, 60, 58, 47, 42, 39, 37, 32, 31, 28, 23, 18, 14, 12, 12, 11, 11, 9, 9, 9, 9, 9]
37 : 57 => 37 | [36226, 524, 264, 257, 207, 176, 157, 123, 115, 101, 95, 91, 66, 64, 62, 56, 44, 42, 34, 26, 20, 17, 16, 16, 12, 12, 10, 7, 7, 6, 6, 6, 6, 4, 4, 4, 4]
29 : 67 => 43 | [45347, 763, 416, 267, 184, 169, 168, 165, 100, 100, 85, 84, 58, 54, 48, 45, 45, 44, 38, 36, 28, 25, 23, 21, 21, 18, 18, 14, 14, 13, 12, 12, 10, 9, 9, 5, 5, 5, 5, 5, 5, 5, 5]
6 : 159 => 119 | [28382, 327, 156, 138, 133, 129, 126, 121, 108, 98, 94, 86, 79, 78, 75, 67, 54, 53, 49, 49, 45, 43, 43, 42, 40, 38, 37, 34, 32, 29, 28, 26, 24, 23, 23, 23, 23, 22, 21, 19, 18, 18, 17, 16, 16, 16, 16, 15, 15, 15, 15, 15, 15, 14, 14, 13, 13, 12, 11, 10, 10, 9, 9, 9, 9, 9, 9, 9, 9, 9, 9, 9, 9, 9, 8, 8, 8, 8, 8, 7, 7, 7, 7, 7, 6, 6, 6, 6, 6, 6, 6, 6, 6, 6, 5, 5, 5, 5, 5, 5, 5, 5, 4, 4, 4, 4, 4, 4, 4, 4, 4, 3, 3, 3, 3, 3, 3, 3, 3]
24 : 47 => 34 | [36563, 578, 252, 246, 139, 108, 80, 72, 65, 64, 60, 45, 39, 39, 37, 36, 30, 22, 21, 18, 14, 14, 13, 11, 9, 8, 6, 5, 5, 4, 4, 4, 4, 4]
35 : 74 => 56 | [22954, 944, 822, 375, 230, 199, 197, 182, 175, 163, 141, 135, 130, 128, 104, 83, 67, 61, 51, 45, 38, 32, 31, 30, 28, 20, 20, 19, 17, 14, 11, 10, 10, 9, 9, 8, 8, 7, 6, 6, 5, 5, 4, 4, 4, 4, 4, 3, 3, 3, 3, 3, 3, 3, 3, 3]
26 : 71 => 59 | [25302, 11673, 701, 364, 251, 202, 172, 148, 122, 106, 103, 103, 90, 81, 75, 73, 53, 47, 47, 45, 43, 42, 39, 36, 28, 25, 23, 20, 17, 17, 15, 15, 15, 14, 14, 13, 13, 13, 12, 10, 9, 8, 8, 8, 8, 6, 5, 5, 4, 4, 4, 4, 4, 4, 3, 3, 3, 3, 3]
19 : 105 => 74 | [43103, 1593, 1280, 1223, 508, 275, 212, 138, 115, 114, 102, 93, 77, 73, 73, 65, 65, 62, 57, 56, 53, 52, 52, 49, 44, 40, 40, 38, 31, 29, 27, 24, 24, 23, 23, 23, 20, 18, 16, 16, 14, 14, 13, 12, 12, 11, 11, 11, 11, 10, 10, 10, 10, 9, 9, 9, 9, 9, 8, 8, 8, 8, 8, 7, 7, 6, 6, 6, 6, 6, 6, 6, 5, 5]
27 : 95 => 54 | [43322, 615, 232, 208, 156, 151, 121, 110, 110, 96, 89, 79, 68, 62, 50, 46, 34, 34, 33, 32, 30, 28, 27, 27, 27, 25, 25, 25, 21, 20, 20, 20, 19, 18, 18, 18, 16, 16, 14, 12, 12, 9, 8, 8, 7, 7, 6, 6, 6, 6, 5, 5, 5, 5]
/_predsToRemove/DRHAGIS/2_c00001/ ==> /data/DRHAGIS/targetVessels/1024x1024/all/
colorMode : Grayscale
daMode : ['noDA']
imageToTensor length: 40
('imgName', 'TP', 'FP', 'TN', 'FN', 'DICE')
('1.png', 28711, 4553, 1003377, 11935, 0.7769178730888919)
('10.png', 59601, 4911, 975060, 9004, 0.8954678966623346)
('11.png', 47602, 3495, 987977, 9502, 0.8798809622831582)
('12.png', 24277, 2205, 1014287, 7807, 0.8290475702626097)
('13.png', 12418, 1497, 1029044, 5617, 0.7773395931142411)
('14.png', 44256, 3583, 988717, 12020, 0.8501368678864717)
('15.png', 55260, 6119, 972669, 14528, 0.842589980711612)
('16.png', 49291, 4643, 979308, 15334, 0.8315016152295481)
('17.png', 50380, 5757, 976845, 15594, 0.8251508873074498)
('18.png', 57471, 5757, 969643, 15705, 0.8426585730623736)
('19.png', 35719, 4992, 993358, 14507, 0.7855768279138304)
('2.png', 33915, 9198, 991183, 14280, 0.7428702851885924)
('20.png', 73029, 6625, 950351, 18571, 0.8528735095238651)
('21.png', 47340, 6805, 981730, 12701, 0.8291734538384741)
('22.png', 38273, 5454, 994439, 10410, 0.8283302672870901)
('23.png', 42898, 8615, 984767, 12296, 0.8040334748423252)
('24.png', 30238, 4008, 1005949, 8381, 0.8299732381801963)
('25.png', 24447, 6657, 1007676, 9796, 0.748221035395657)
('26.png', 30138, 6904, 1001394, 10140, 0.779565442317641)
('27.png', 35449, 7956, 994451, 10720, 0.7915019983477348)
('28.png', 23953, 5018, 1011280, 8325, 0.7821515453313523)
('29.png', 38407, 6094, 993979, 10096, 0.8259214657434089)
('3.png', 49811, 8761, 976777, 13227, 0.8191925006167255)
('30.png', 62875, 9159, 962881, 13661, 0.8464023692535505)
('31.png', 46534, 9098, 984106, 8838, 0.8384202371085727)
('32.png', 30238, 4008, 1005949, 8381, 0.8299732381801963)
('33.png', 31596, 6627, 1001091, 9262, 0.7990794248934636)
('34.png', 33816, 8372, 998425, 7963, 0.8054592875772625)
('35.png', 21155, 5683, 1015317, 6421, 0.7775572462969089)
('36.png', 53089, 13282, 971664, 10541, 0.8167475634802809)
('37.png', 29436, 6612, 1003077, 9451, 0.7856408887702676)
('38.png', 51062, 12547, 969810, 15157, 0.786609976276304)
('39.png', 35397, 6320, 994853, 12006, 0.794367145421903)
('4.png', 39159, 7504, 990924, 10989, 0.8089783185795003)
('40.png', 43752, 8605, 984246, 11973, 0.8096075202161322)
('5.png', 33634, 6388, 995014, 13540, 0.7714574063030414)
('6.png', 21081, 7712, 1009191, 10592, 0.6972844243045678)
('7.png', 53198, 9654, 967742, 17982, 0.7938104333293542)
('8.png', 37632, 6365, 988867, 15712, 0.773199371282399)
('9.png', 37828, 7011, 992278, 11459, 0.8037736650872235)
('meanDice', 0.808)
