/_predsToRemove/DRHAGIS/0/ ==> /_predsToRemove/DRHAGIS/0_c001/
5 : 64 => 4 | [40429, 840, 621, 509]
18 : 93 => 1 | [70439]
33 : 34 => 2 | [37325, 518]
15 : 95 => 2 | [61748, 3147]
34 : 63 => 1 | [38255]
4 : 57 => 1 | [47867]
13 : 128 => 7 | [14171, 462, 321, 222, 185, 164, 148]
9 : 69 => 4 | [23501, 19859, 395, 280]
12 : 63 => 6 | [25879, 965, 897, 307, 302, 299]
1 : 77 => 3 | [35395, 395, 374]
2 : 63 => 1 | [42546]
38 : 111 => 1 | [62196]
11 : 37 => 1 | [53466]
10 : 48 => 1 | [65522]
14 : 72 => 1 | [51021]
23 : 72 => 1 | [48386]
16 : 86 => 3 | [59418, 1226, 597]
22 : 69 => 3 | [43703, 581, 439]
28 : 39 => 6 | [27032, 612, 518, 489, 393, 282]
40 : 58 => 1 | [52850]
32 : 44 => 1 | [34362]
3 : 77 => 3 | [54414, 1844, 765]
39 : 48 => 1 | [42663]
21 : 69 => 1 | [55150]
25 : 66 => 3 | [29258, 532, 382]
7 : 90 => 1 | [65942]
30 : 47 => 1 | [72566]
8 : 60 => 4 | [47272, 761, 727, 493]
17 : 79 => 2 | [59284, 1779]
31 : 40 => 1 | [51205]
36 : 76 => 2 | [59092, 787]
20 : 87 => 2 | [88450, 1191]
37 : 53 => 2 | [33975, 478]
29 : 69 => 2 | [43614, 710]
6 : 110 => 3 | [25772, 304, 273]
24 : 44 => 1 | [34362]
35 : 57 => 2 | [22163, 847]
26 : 63 => 4 | [24184, 10608, 315, 292]
19 : 152 => 4 | [44247, 2016, 1651, 1320]
27 : 66 => 4 | [41017, 542, 503, 486]
/_predsToRemove/DRHAGIS/0_c001/ ==> /data/DRHAGIS/targetVessels/1024x1024/all/
colorMode : Grayscale
daMode : ['noDA']
imageToTensor length: 40
('imgName', 'TP', 'FP', 'TN', 'FN', 'DICE')
('1.png', 27469, 5795, 1006617, 8695, 0.7912945785562021)
('10.png', 57067, 7445, 975609, 8455, 0.87772428749404)
('11.png', 45735, 5362, 989748, 7731, 0.8747836232701817)
('12.png', 22717, 3765, 1016162, 5932, 0.8241098474542453)
('13.png', 11718, 2197, 1030706, 3955, 0.7920778694065161)
('14.png', 41884, 5955, 991600, 9137, 0.8473396722638074)
('15.png', 53363, 8016, 975665, 11532, 0.8451937849438522)
('16.png', 47766, 6168, 981167, 13475, 0.8294508356848275)
('17.png', 48016, 8121, 979392, 13047, 0.8193856655290103)
('18.png', 55922, 7306, 970831, 14517, 0.8367360679898553)
('19.png', 34836, 5875, 993467, 14398, 0.7746067040969481)
('2.png', 31737, 11376, 994654, 10809, 0.7410079501278325)
('20.png', 71552, 8102, 950833, 18089, 0.8452937180660977)
('21.png', 45141, 9004, 984422, 10009, 0.8260396175488357)
('22.png', 36174, 7553, 996300, 8549, 0.8179536461277558)
('23.png', 39013, 12500, 987690, 9373, 0.7810488593479414)
('24.png', 27709, 6537, 1007677, 6653, 0.8077483675373134)
('25.png', 22356, 8748, 1009656, 7816, 0.7296820941314707)
('26.png', 27349, 9693, 1003484, 8050, 0.7550696428817935)
('27.png', 33620, 9785, 996243, 8928, 0.782287994601701)
('28.png', 22151, 6820, 1012430, 7175, 0.7599361888261832)
('29.png', 36061, 8440, 995812, 8263, 0.8119560934421616)
('3.png', 46949, 11623, 979930, 10074, 0.8123015701371167)
('30.png', 60354, 11680, 964330, 12212, 0.8347717842323652)
('31.png', 44008, 11624, 985747, 7197, 0.8238344393796156)
('32.png', 27709, 6537, 1007677, 6653, 0.8077483675373134)
('33.png', 30187, 8036, 1002697, 7656, 0.7937054663055767)
('34.png', 31892, 10296, 1000025, 6363, 0.7929092649453651)
('35.png', 18537, 8301, 1017265, 4473, 0.743740972556572)
('36.png', 50787, 15584, 973113, 9092, 0.8045465346534654)
('37.png', 27086, 8962, 1005161, 7367, 0.7683862640246237)
('38.png', 48511, 15098, 971282, 13685, 0.7712094113906443)
('39.png', 33191, 8526, 997387, 9472, 0.7867030101919886)
('4.png', 38620, 8043, 992666, 9247, 0.8170951020839945)
('40.png', 42333, 10024, 985702, 10517, 0.8047563375060595)
('5.png', 32196, 7826, 998351, 10203, 0.7812572038679463)
('6.png', 19737, 9056, 1013171, 6612, 0.7158608683036524)
('7.png', 51079, 11773, 970861, 14863, 0.7931891237169434)
('8.png', 36172, 7825, 991498, 13081, 0.7758069705093834)
('9.png', 35319, 9520, 995021, 8716, 0.7948106307806557)
('meanDice', 0.8)
/_predsToRemove/DRHAGIS/1/ ==> /_predsToRemove/DRHAGIS/1_c001/
5 : 84 => 2 | [42294, 497]
18 : 97 => 2 | [67485, 2605]
33 : 41 => 3 | [36129, 607, 423]
15 : 102 => 2 | [63038, 3358]
34 : 63 => 1 | [39710]
4 : 73 => 2 | [45991, 1818]
13 : 141 => 5 | [14415, 473, 279, 196, 153]
9 : 88 => 1 | [45496]
12 : 79 => 3 | [26738, 984, 287]
1 : 93 => 4 | [34271, 881, 639, 413]
2 : 74 => 1 | [44481]
38 : 82 => 1 | [63452]
11 : 59 => 1 | [54175]
10 : 45 => 1 | [65498]
14 : 96 => 1 | [52624]
23 : 72 => 1 | [50212]
16 : 71 => 2 | [60776, 1000]
22 : 53 => 2 | [44628, 650]
28 : 53 => 4 | [27461, 783, 691, 432]
40 : 47 => 1 | [51000]
32 : 41 => 2 | [35214, 642]
3 : 86 => 3 | [56305, 1918, 660]
39 : 41 => 2 | [43596, 629]
21 : 83 => 1 | [56131]
25 : 57 => 3 | [30767, 568, 321]
7 : 115 => 1 | [67692]
30 : 37 => 1 | [71648]
8 : 79 => 5 | [44723, 1342, 1314, 649, 533]
17 : 78 => 1 | [62685]
31 : 50 => 1 | [53372]
36 : 70 => 1 | [59953]
20 : 85 => 2 | [85281, 1228]
37 : 63 => 2 | [34760, 651]
29 : 77 => 2 | [45058, 676]
6 : 171 => 2 | [26822, 302]
24 : 41 => 2 | [35214, 642]
35 : 62 => 5 | [21541, 850, 771, 285, 232]
26 : 55 => 5 | [24634, 11249, 415, 391, 389]
19 : 120 => 3 | [45793, 1726, 605]
27 : 65 => 1 | [44346]
/_predsToRemove/DRHAGIS/1_c001/ ==> /data/DRHAGIS/targetVessels/1024x1024/all/
colorMode : Grayscale
daMode : ['noDA']
imageToTensor length: 40
('imgName', 'TP', 'FP', 'TN', 'FN', 'DICE')
('1.png', 27546, 5718, 1006654, 8658, 0.7930557954741752)
('10.png', 58006, 6506, 976572, 7492, 0.8923313591262211)
('11.png', 46456, 4641, 989760, 7719, 0.882589862451554)
('12.png', 23133, 3349, 1017218, 4876, 0.8490576425464755)
('13.png', 11934, 1981, 1031079, 3582, 0.8109816180218138)
('14.png', 42788, 5051, 990901, 9836, 0.8518160914963718)
('15.png', 54638, 6741, 975439, 11758, 0.855222070045001)
('16.png', 48628, 5306, 981494, 13148, 0.8405150808054619)
('17.png', 49135, 7002, 978889, 13550, 0.8270353974853142)
('18.png', 56971, 6257, 972229, 13119, 0.854663286277922)
('19.png', 35700, 5011, 995441, 12424, 0.8037372657173412)
('2.png', 32218, 10895, 993200, 12263, 0.7356211612667535)
('20.png', 71299, 8355, 953712, 15210, 0.8581814242641261)
('21.png', 45911, 8234, 984211, 10220, 0.8326562443324024)
('22.png', 37131, 6596, 996702, 8147, 0.8343576203584069)
('23.png', 40883, 10630, 987734, 9329, 0.803794544114033)
('24.png', 29057, 5189, 1007531, 6799, 0.8289920401700379)
('25.png', 23528, 7576, 1009344, 8128, 0.7497769279796048)
('26.png', 28757, 8285, 1003213, 8321, 0.7759579060982191)
('27.png', 34844, 8561, 995669, 9502, 0.7941561919522284)
('28.png', 22781, 6190, 1013019, 6586, 0.7810003771126881)
('29.png', 37017, 7484, 995358, 8717, 0.8204576937995235)
('3.png', 47450, 11122, 978571, 11433, 0.8079690094078583)
('30.png', 60381, 11653, 965275, 11267, 0.8404810623460142)
('31.png', 45300, 10332, 984872, 8072, 0.8311621591868188)
('32.png', 29057, 5189, 1007531, 6799, 0.8289920401700379)
('33.png', 30322, 7901, 1003516, 6837, 0.8044891353373484)
('34.png', 33103, 9085, 999781, 6607, 0.8083958094214755)
('35.png', 19600, 7238, 1017659, 4079, 0.7759764039828176)
('36.png', 51293, 15078, 973545, 8660, 0.8120863810518983)
('37.png', 27770, 8278, 1004887, 7641, 0.777228900488392)
('38.png', 50327, 13282, 971842, 13125, 0.7921706896687418)
('39.png', 34393, 7324, 997027, 9832, 0.8003769984408089)
('4.png', 38073, 8590, 992177, 9736, 0.8060165975103735)
('40.png', 41901, 10456, 987120, 9099, 0.810801397099374)
('5.png', 32306, 7716, 998069, 10485, 0.7802156666223902)
('6.png', 19945, 8848, 1012604, 7179, 0.7133787578017419)
('7.png', 51574, 11278, 969606, 16118, 0.7901397230052702)
('8.png', 35795, 8202, 991813, 12766, 0.7734609650165302)
('9.png', 35877, 8962, 994118, 9619, 0.7943100680799248)
('meanDice', 0.811)
/_predsToRemove/DRHAGIS/2/ ==> /_predsToRemove/DRHAGIS/2_c001/
5 : 82 => 2 | [44025, 901]
18 : 92 => 4 | [36013, 33237, 1115, 499]
33 : 32 => 2 | [39044, 542]
15 : 103 => 3 | [62339, 3313, 658]
34 : 69 => 1 | [39884]
4 : 62 => 1 | [49239]
13 : 123 => 12 | [9231, 5487, 528, 326, 257, 228, 178, 169, 165, 128, 127, 98]
9 : 72 => 4 | [25253, 21270, 323, 253]
12 : 97 => 4 | [28374, 1081, 445, 338]
1 : 95 => 2 | [37508, 419]
2 : 68 => 1 | [45795]
38 : 107 => 1 | [62883]
11 : 49 => 1 | [56134]
10 : 52 => 1 | [66084]
14 : 88 => 1 | [53327]
23 : 69 => 1 | [52836]
16 : 78 => 2 | [60595, 1163]
22 : 44 => 2 | [46629, 707]
28 : 42 => 3 | [29672, 819, 445]
40 : 60 => 1 | [53722]
32 : 47 => 2 | [36563, 578]
3 : 86 => 3 | [56423, 1841, 740]
39 : 75 => 1 | [45484]
21 : 84 => 2 | [56962, 1060]
25 : 74 => 4 | [30581, 547, 544, 328]
7 : 94 => 3 | [67099, 754, 751]
30 : 45 => 1 | [73631]
8 : 76 => 5 | [46615, 1648, 653, 614, 525]
17 : 59 => 1 | [64948]
31 : 58 => 1 | [54076]
36 : 69 => 2 | [59183, 819]
20 : 77 => 2 | [87294, 1187]
37 : 57 => 2 | [36226, 524]
29 : 67 => 2 | [45347, 763]
6 : 159 => 2 | [28382, 327]
24 : 47 => 2 | [36563, 578]
35 : 74 => 5 | [22954, 944, 822, 375, 230]
26 : 71 => 4 | [25302, 11673, 701, 364]
19 : 105 => 5 | [43103, 1593, 1280, 1223, 508]
27 : 95 => 2 | [43322, 615]
/_predsToRemove/DRHAGIS/2_c001/ ==> /data/DRHAGIS/targetVessels/1024x1024/all/
colorMode : Grayscale
daMode : ['noDA']
imageToTensor length: 40
('imgName', 'TP', 'FP', 'TN', 'FN', 'DICE')
('1.png', 28238, 5026, 1005623, 9689, 0.7933025241954742)
('10.png', 57707, 6805, 975687, 8377, 0.8837483537014916)
('11.png', 47057, 4040, 988402, 9077, 0.8776752991205902)
('12.png', 23480, 3002, 1015336, 6758, 0.8279266572637518)
('13.png', 12298, 1617, 1030037, 4624, 0.7976132568018939)
('14.png', 42794, 5045, 990204, 10533, 0.8460154597394381)
('15.png', 53649, 7730, 974536, 12661, 0.8403073091652374)
('16.png', 47974, 5960, 980858, 13784, 0.8293399716488608)
('17.png', 49891, 6246, 977382, 15057, 0.8240657389437173)
('18.png', 56476, 6752, 970960, 14388, 0.8423470453121737)
('19.png', 34912, 5799, 995070, 12795, 0.7897034540478183)
('2.png', 32796, 10317, 992464, 12999, 0.7377513834525578)
('20.png', 71442, 8212, 951883, 17039, 0.8498171112498885)
('21.png', 46478, 7667, 982887, 11544, 0.8287285921884333)
('22.png', 37571, 6156, 995084, 9765, 0.8251649956623437)
('23.png', 41590, 9923, 985817, 11246, 0.7971326989238038)
('24.png', 29319, 4927, 1006508, 7822, 0.8214100606553014)
('25.png', 23345, 7759, 1008817, 8655, 0.7398897058823529)
('26.png', 28817, 8225, 1002311, 9223, 0.7676140752776964)
('27.png', 34108, 9297, 995342, 9829, 0.781021730667949)
('28.png', 23181, 5790, 1011850, 7755, 0.7738995442936552)
('29.png', 36925, 7576, 994890, 9185, 0.8150224586418867)
('3.png', 47974, 10598, 978974, 11030, 0.8160508947404232)
('30.png', 61051, 10983, 963962, 12580, 0.8382384237805924)
('31.png', 45650, 9982, 984518, 8426, 0.8322091369818062)
('32.png', 29319, 4927, 1006508, 7822, 0.8214100606553014)
('33.png', 30802, 7421, 1001569, 8784, 0.79173360408179)
('34.png', 32670, 9518, 999174, 7214, 0.7961302271176528)
('35.png', 19778, 7060, 1016191, 5547, 0.7583152809462645)
('36.png', 50835, 15536, 973038, 9167, 0.804523118071107)
('37.png', 28179, 7869, 1003957, 8571, 0.7741696200445067)
('38.png', 49299, 14310, 971383, 13584, 0.7794801252253107)
('39.png', 34327, 7390, 995702, 11157, 0.7873074850059059)
('4.png', 38898, 7765, 991572, 10341, 0.8112031031678172)
('40.png', 42640, 9717, 985137, 11082, 0.8039291471450523)
('5.png', 32949, 7073, 996577, 11977, 0.7757451617460093)
('6.png', 20432, 8361, 1011506, 8277, 0.7106535424854787)
('7.png', 52045, 10807, 969165, 16559, 0.7918238802336903)
('8.png', 36384, 7613, 990908, 13671, 0.773699655509718)
('9.png', 36601, 8238, 993239, 10498, 0.7962104896778264)
('meanDice', 0.804)
