/_predsToRemove/DRHAGIS/0/ ==> /_predsToRemove/DRHAGIS/0_c1/
5 : 64 => 1 | [40429]
18 : 93 => 1 | [70439]
33 : 34 => 1 | [37325]
15 : 95 => 1 | [61748]
34 : 63 => 1 | [38255]
4 : 57 => 1 | [47867]
13 : 128 => 1 | [14171]
9 : 69 => 1 | [23501]
12 : 63 => 1 | [25879]
1 : 77 => 1 | [35395]
2 : 63 => 1 | [42546]
38 : 111 => 1 | [62196]
11 : 37 => 1 | [53466]
10 : 48 => 1 | [65522]
14 : 72 => 1 | [51021]
23 : 72 => 1 | [48386]
16 : 86 => 1 | [59418]
22 : 69 => 1 | [43703]
28 : 39 => 1 | [27032]
40 : 58 => 1 | [52850]
32 : 44 => 1 | [34362]
3 : 77 => 1 | [54414]
39 : 48 => 1 | [42663]
21 : 69 => 1 | [55150]
25 : 66 => 1 | [29258]
7 : 90 => 1 | [65942]
30 : 47 => 1 | [72566]
8 : 60 => 1 | [47272]
17 : 79 => 1 | [59284]
31 : 40 => 1 | [51205]
36 : 76 => 1 | [59092]
20 : 87 => 1 | [88450]
37 : 53 => 1 | [33975]
29 : 69 => 1 | [43614]
6 : 110 => 1 | [25772]
24 : 44 => 1 | [34362]
35 : 57 => 1 | [22163]
26 : 63 => 1 | [24184]
19 : 152 => 1 | [44247]
27 : 66 => 1 | [41017]
/_predsToRemove/DRHAGIS/0_c1/ ==> /data/DRHAGIS/targetVessels/1024x1024/all/
colorMode : Grayscale
daMode : ['noDA']
imageToTensor length: 40
('imgName', 'TP', 'FP', 'TN', 'FN', 'DICE')
('1.png', 27189, 6075, 1007106, 8206, 0.7920010486607728)
('10.png', 57067, 7445, 975609, 8455, 0.87772428749404)
('11.png', 45735, 5362, 989748, 7731, 0.8747836232701817)
('12.png', 20681, 5801, 1016896, 5198, 0.7899390767937969)
('13.png', 10711, 3204, 1031201, 3460, 0.7627287616606139)
('14.png', 41884, 5955, 991600, 9137, 0.8473396722638074)
('15.png', 51059, 10320, 976508, 10689, 0.8293712995524946)
('16.png', 46765, 7169, 981989, 12653, 0.8251288023149128)
('17.png', 46736, 9401, 979891, 12548, 0.8098352986025074)
('18.png', 55922, 7306, 970831, 14517, 0.8367360679898553)
('19.png', 31793, 8918, 995411, 12454, 0.7484404058475953)
('2.png', 31737, 11376, 994654, 10809, 0.7410079501278325)
('20.png', 70711, 8943, 951183, 17739, 0.8412768286298958)
('21.png', 45141, 9004, 984422, 10009, 0.8260396175488357)
('22.png', 35478, 8249, 996624, 8225, 0.8115749742651264)
('23.png', 39013, 12500, 987690, 9373, 0.7810488593479414)
('24.png', 27709, 6537, 1007677, 6653, 0.8077483675373134)
('25.png', 21818, 9286, 1010032, 7440, 0.7229051389947317)
('26.png', 18722, 18320, 1006072, 5462, 0.6115702479338843)
('27.png', 32460, 10945, 996614, 8557, 0.7689938641586317)
('28.png', 20800, 8171, 1013373, 6232, 0.7428173490705855)
('29.png', 35543, 8958, 996004, 8071, 0.8067411904897009)
('3.png', 45003, 13569, 980593, 9411, 0.7966119696245553)
('30.png', 60354, 11680, 964330, 12212, 0.8347717842323652)
('31.png', 44008, 11624, 985747, 7197, 0.8238344393796156)
('32.png', 27709, 6537, 1007677, 6653, 0.8077483675373134)
('33.png', 29793, 8430, 1002821, 7532, 0.7887171070048181)
('34.png', 31892, 10296, 1000025, 6363, 0.7929092649453651)
('35.png', 17772, 9066, 1017347, 4391, 0.7253729515724169)
('36.png', 50149, 16222, 973262, 8943, 0.7994229374397233)
('37.png', 26740, 9308, 1005293, 7235, 0.7637490538822959)
('38.png', 48511, 15098, 971282, 13685, 0.7712094113906443)
('39.png', 33191, 8526, 997387, 9472, 0.7867030101919886)
('4.png', 38620, 8043, 992666, 9247, 0.8170951020839945)
('40.png', 42333, 10024, 985702, 10517, 0.8047563375060595)
('5.png', 31005, 9017, 999130, 9424, 0.7707797292762054)
('6.png', 19572, 9221, 1013583, 6200, 0.7173829377806286)
('7.png', 51079, 11773, 970861, 14863, 0.7931891237169434)
('8.png', 35306, 8691, 992613, 11966, 0.7736690442537992)
('9.png', 19238, 25601, 999474, 4263, 0.5630084869768803)
('meanDice', 0.785)
/_predsToRemove/DRHAGIS/1/ ==> /_predsToRemove/DRHAGIS/1_c1/
5 : 84 => 1 | [42294]
18 : 97 => 1 | [67485]
33 : 41 => 1 | [36129]
15 : 102 => 1 | [63038]
34 : 63 => 1 | [39710]
4 : 73 => 1 | [45991]
13 : 141 => 1 | [14415]
9 : 88 => 1 | [45496]
12 : 79 => 1 | [26738]
1 : 93 => 1 | [34271]
2 : 74 => 1 | [44481]
38 : 82 => 1 | [63452]
11 : 59 => 1 | [54175]
10 : 45 => 1 | [65498]
14 : 96 => 1 | [52624]
23 : 72 => 1 | [50212]
16 : 71 => 1 | [60776]
22 : 53 => 1 | [44628]
28 : 53 => 1 | [27461]
40 : 47 => 1 | [51000]
32 : 41 => 1 | [35214]
3 : 86 => 1 | [56305]
39 : 41 => 1 | [43596]
21 : 83 => 1 | [56131]
25 : 57 => 1 | [30767]
7 : 115 => 1 | [67692]
30 : 37 => 1 | [71648]
8 : 79 => 1 | [44723]
17 : 78 => 1 | [62685]
31 : 50 => 1 | [53372]
36 : 70 => 1 | [59953]
20 : 85 => 1 | [85281]
37 : 63 => 1 | [34760]
29 : 77 => 1 | [45058]
6 : 171 => 1 | [26822]
24 : 41 => 1 | [35214]
35 : 62 => 1 | [21541]
26 : 55 => 1 | [24634]
19 : 120 => 1 | [45793]
27 : 65 => 1 | [44346]
/_predsToRemove/DRHAGIS/1_c1/ ==> /data/DRHAGIS/targetVessels/1024x1024/all/
colorMode : Grayscale
daMode : ['noDA']
imageToTensor length: 40
('imgName', 'TP', 'FP', 'TN', 'FN', 'DICE')
('1.png', 26538, 6726, 1007579, 7733, 0.7859036055378692)
('10.png', 58006, 6506, 976572, 7492, 0.8923313591262211)
('11.png', 46456, 4641, 989760, 7719, 0.882589862451554)
('12.png', 22135, 4347, 1017491, 4603, 0.8318301390454717)
('13.png', 11141, 2774, 1031387, 3274, 0.786516060713025)
('14.png', 42788, 5051, 990901, 9836, 0.8518160914963718)
('15.png', 52185, 9194, 976344, 10853, 0.838872501346279)
('16.png', 47982, 5952, 981848, 12794, 0.8365791997210357)
('17.png', 49135, 7002, 978889, 13550, 0.8270353974853142)
('18.png', 54777, 8451, 972640, 12708, 0.8381262766519015)
('19.png', 34099, 6612, 996171, 11694, 0.7883797281050587)
('2.png', 32218, 10895, 993200, 12263, 0.7356211612667535)
('20.png', 70466, 9188, 954107, 14815, 0.8544699427047019)
('21.png', 45911, 8234, 984211, 10220, 0.8326562443324024)
('22.png', 36627, 7100, 996848, 8001, 0.8290872050251825)
('23.png', 40883, 10630, 987734, 9329, 0.803794544114033)
('24.png', 28579, 5667, 1007695, 6635, 0.8228908724445724)
('25.png', 23081, 8023, 1009786, 7686, 0.7461007580288018)
('26.png', 19200, 17842, 1006100, 5434, 0.6226084700693949)
('27.png', 34844, 8561, 995669, 9502, 0.7941561919522284)
('28.png', 21591, 7380, 1013735, 5870, 0.7652041394953218)
('29.png', 36515, 7986, 995532, 8543, 0.8154401009390457)
('3.png', 45591, 12981, 979290, 10714, 0.7937359088416306)
('30.png', 60381, 11653, 965275, 11267, 0.8404810623460142)
('31.png', 45300, 10332, 984872, 8072, 0.8311621591868188)
('32.png', 28579, 5667, 1007695, 6635, 0.8228908724445724)
('33.png', 29630, 8593, 1003854, 6499, 0.7970195825263611)
('34.png', 33103, 9085, 999781, 6607, 0.8083958094214755)
('35.png', 17887, 8951, 1018084, 3654, 0.7394530684801257)
('36.png', 51293, 15078, 973545, 8660, 0.8120863810518983)
('37.png', 27340, 8708, 1005108, 7420, 0.7722291266523557)
('38.png', 50327, 13282, 971842, 13125, 0.7921706896687418)
('39.png', 33909, 7808, 997172, 9687, 0.7949316047964554)
('4.png', 37689, 8974, 993611, 8302, 0.8135428583763248)
('40.png', 41901, 10456, 987120, 9099, 0.810801397099374)
('5.png', 32165, 7857, 998425, 10129, 0.7815005588221002)
('6.png', 19795, 8998, 1012756, 7027, 0.711858311606581)
('7.png', 51574, 11278, 969606, 16118, 0.7901397230052702)
('8.png', 33145, 10852, 993001, 11578, 0.7471821460775473)
('9.png', 35877, 8962, 994118, 9619, 0.7943100680799248)
('meanDice', 0.801)
/_predsToRemove/DRHAGIS/2/ ==> /_predsToRemove/DRHAGIS/2_c1/
5 : 82 => 1 | [44025]
18 : 92 => 1 | [36013]
33 : 32 => 1 | [39044]
15 : 103 => 1 | [62339]
34 : 69 => 1 | [39884]
4 : 62 => 1 | [49239]
13 : 123 => 1 | [9231]
9 : 72 => 1 | [25253]
12 : 97 => 1 | [28374]
1 : 95 => 1 | [37508]
2 : 68 => 1 | [45795]
38 : 107 => 1 | [62883]
11 : 49 => 1 | [56134]
10 : 52 => 1 | [66084]
14 : 88 => 1 | [53327]
23 : 69 => 1 | [52836]
16 : 78 => 1 | [60595]
22 : 44 => 1 | [46629]
28 : 42 => 1 | [29672]
40 : 60 => 1 | [53722]
32 : 47 => 1 | [36563]
3 : 86 => 1 | [56423]
39 : 75 => 1 | [45484]
21 : 84 => 1 | [56962]
25 : 74 => 1 | [30581]
7 : 94 => 1 | [67099]
30 : 45 => 1 | [73631]
8 : 76 => 1 | [46615]
17 : 59 => 1 | [64948]
31 : 58 => 1 | [54076]
36 : 69 => 1 | [59183]
20 : 77 => 1 | [87294]
37 : 57 => 1 | [36226]
29 : 67 => 1 | [45347]
6 : 159 => 1 | [28382]
24 : 47 => 1 | [36563]
35 : 74 => 1 | [22954]
26 : 71 => 1 | [25302]
19 : 105 => 1 | [43103]
27 : 95 => 1 | [43322]
/_predsToRemove/DRHAGIS/2_c1/ ==> /data/DRHAGIS/targetVessels/1024x1024/all/
colorMode : Grayscale
daMode : ['noDA']
imageToTensor length: 40
('imgName', 'TP', 'FP', 'TN', 'FN', 'DICE')
('1.png', 27945, 5319, 1005749, 9563, 0.7897190979483412)
('10.png', 57707, 6805, 975687, 8377, 0.8837483537014916)
('11.png', 47057, 4040, 988402, 9077, 0.8776752991205902)
('12.png', 22195, 4287, 1015915, 6179, 0.8092095668659763)
('13.png', 6814, 7101, 1032244, 2417, 0.5887842391773956)
('14.png', 42794, 5045, 990204, 10533, 0.8460154597394381)
('15.png', 50913, 10466, 975771, 11426, 0.8230491925184694)
('16.png', 47328, 6606, 981375, 13267, 0.8264806293602494)
('17.png', 49891, 6246, 977382, 15057, 0.8240657389437173)
('18.png', 28686, 34542, 978021, 7327, 0.5781078384941708)
('19.png', 31840, 8871, 996602, 11263, 0.7597776027871239)
('2.png', 32796, 10317, 992464, 12999, 0.7377513834525578)
('20.png', 70621, 9033, 952249, 16673, 0.8460239116371565)
('21.png', 45762, 8383, 983231, 11200, 0.823746478619709)
('22.png', 37036, 6691, 995256, 9593, 0.8197795387135332)
('23.png', 41590, 9923, 985817, 11246, 0.7971326989238038)
('24.png', 28855, 5391, 1006622, 7708, 0.8150093914615374)
('25.png', 22509, 8595, 1009400, 8072, 0.7298046526708276)
('26.png', 19388, 17654, 1005620, 5914, 0.6219684332092904)
('27.png', 33632, 9773, 995481, 9690, 0.7755831517289886)
('28.png', 22464, 6507, 1012397, 7208, 0.7661272445134116)
('29.png', 36392, 8109, 995120, 8955, 0.8100792449470217)
('3.png', 46064, 12508, 979645, 10359, 0.8011478759946085)
('30.png', 61051, 10983, 963962, 12580, 0.8382384237805924)
('31.png', 45650, 9982, 984518, 8426, 0.8322091369818062)
('32.png', 28855, 5391, 1006622, 7708, 0.8150093914615374)
('33.png', 30376, 7847, 1001685, 8668, 0.7862606287289529)
('34.png', 32670, 9518, 999174, 7214, 0.7961302271176528)
('35.png', 18021, 8817, 1016805, 4933, 0.7238512210796915)
('36.png', 50152, 16219, 973174, 9031, 0.7988913136976918)
('37.png', 27799, 8249, 1004101, 8427, 0.769266956305172)
('38.png', 49299, 14310, 971383, 13584, 0.7794801252253107)
('39.png', 34327, 7390, 995702, 11157, 0.7873074850059059)
('4.png', 38898, 7765, 991572, 10341, 0.8112031031678172)
('40.png', 42640, 9717, 985137, 11082, 0.8039291471450523)
('5.png', 32460, 7562, 996989, 11565, 0.7724249527050341)
('6.png', 20277, 8516, 1011678, 8105, 0.7092960209881941)
('7.png', 51197, 11655, 969822, 15902, 0.7879431478018638)
('8.png', 34027, 9970, 991991, 12588, 0.7510484262570079)
('9.png', 20106, 24733, 998590, 5147, 0.573703133025167)
('meanDice', 0.777)
