/_predsToRemove/DRHAGIS/0/ ==> /data/DRHAGIS/targetVessels/1024x1024/all/
colorMode : Grayscale
daMode : ['noDA']
imageToTensor length: 40
('imgName', 'TP', 'FP', 'TN', 'FN', 'DICE')
('1.png', 27997, 5267, 1004582, 10730, 0.7777916684029949)
('10.png', 58696, 5816, 974985, 9079, 0.8874039021219017)
('11.png', 46447, 4650, 989348, 8131, 0.8790537023894015)
('12.png', 23872, 2610, 1015334, 6760, 0.835942150786147)
('13.png', 12092, 1823, 1028957, 5704, 0.762637570559112)
('14.png', 43350, 4489, 990432, 10305, 0.8542376889274242)
('15.png', 54813, 6566, 974037, 13160, 0.8475013915517348)
('16.png', 48656, 5278, 978899, 15743, 0.8223572460767495)
('17.png', 49206, 6931, 978483, 13956, 0.8249189012481245)
('18.png', 57057, 6171, 969100, 16248, 0.8357979389598119)
('19.png', 35384, 5327, 990839, 17026, 0.7599574746834763)
('2.png', 32845, 10268, 993605, 11858, 0.7480413592056118)
('20.png', 72395, 7259, 949401, 19521, 0.8439121058460104)
('21.png', 46213, 7932, 983134, 11297, 0.8277820070753661)
('22.png', 36859, 6868, 995523, 9326, 0.8198905596583326)
('23.png', 40550, 10963, 986585, 10478, 0.7909031509347481)
('24.png', 28735, 5511, 1007316, 7014, 0.8210586470462176)
('25.png', 23719, 7385, 1008310, 9162, 0.7413925138704384)
('26.png', 28674, 8368, 1002818, 8716, 0.7704750644883921)
('27.png', 34739, 8666, 995369, 9802, 0.7900075046050986)
('28.png', 22763, 6208, 1012055, 7550, 0.767930638958235)
('29.png', 37561, 6940, 995097, 8978, 0.8251537785588752)
('3.png', 49447, 9125, 977846, 12158, 0.8229028849114223)
('30.png', 62164, 9870, 963055, 13487, 0.8418458204963266)
('31.png', 44844, 10788, 985345, 7599, 0.8298681471200555)
('32.png', 28735, 5511, 1007316, 7014, 0.8210586470462176)
('33.png', 30885, 7338, 1002275, 8078, 0.8002746612079911)
('34.png', 32817, 9371, 999330, 7058, 0.7998001535405724)
('35.png', 20058, 6780, 1016523, 5215, 0.7698182725336301)
('36.png', 52630, 13741, 971889, 10316, 0.8139687744070772)
('37.png', 28268, 7780, 1004400, 8128, 0.7804096957650047)
('38.png', 50121, 13488, 969297, 15670, 0.7746676970633694)
('39.png', 34438, 7279, 996467, 10392, 0.7958219233480074)
('4.png', 39250, 7413, 991856, 10057, 0.8179639470667917)
('40.png', 43189, 9168, 984929, 11290, 0.8085102399940095)
('5.png', 32777, 7245, 997212, 11342, 0.779096991953982)
('6.png', 20281, 8512, 1011330, 8453, 0.7050949988700957)
('7.png', 52640, 10212, 969104, 16620, 0.7968996003391062)
('8.png', 37090, 6907, 990043, 14536, 0.7757547870282254)
('9.png', 36825, 8014, 993910, 9827, 0.8049972128406073)
('meanDice', 0.804)
/_predsToRemove/DRHAGIS/1/ ==> /data/DRHAGIS/targetVessels/1024x1024/all/
colorMode : Grayscale
daMode : ['noDA']
imageToTensor length: 40
('imgName', 'TP', 'FP', 'TN', 'FN', 'DICE')
('1.png', 28157, 5107, 1004434, 10878, 0.7789042725348898)
('10.png', 59685, 4827, 976042, 8022, 0.902820320831348)
('11.png', 47287, 3810, 989268, 8211, 0.8872273558797317)
('12.png', 24331, 2151, 1016291, 5803, 0.8595096792426169)
('13.png', 12212, 1703, 1030057, 4604, 0.7947674986170317)
('14.png', 43978, 3861, 989391, 11346, 0.8525924992487617)
('15.png', 56049, 5330, 973936, 13261, 0.8577462525537727)
('16.png', 49666, 4268, 980211, 14431, 0.8415755182960408)
('17.png', 50076, 6061, 977909, 14530, 0.8294642339514506)
('18.png', 57808, 5420, 970661, 14687, 0.8518526705127355)
('19.png', 36298, 4413, 993564, 14301, 0.7950498302486037)
('2.png', 33150, 9963, 992171, 13292, 0.7403271732454916)
('20.png', 72597, 7057, 952104, 16818, 0.8587854662889116)
('21.png', 47111, 7034, 983105, 11326, 0.836918868025084)
('22.png', 37944, 5783, 995939, 8910, 0.8377915898477606)
('23.png', 42419, 9094, 986692, 10371, 0.8133802479315072)
('24.png', 30069, 4177, 1007082, 7248, 0.8403504604334642)
('25.png', 24658, 6446, 1008360, 9112, 0.7601812744705121)
('26.png', 29937, 7105, 1002439, 9095, 0.7870494518495149)
('27.png', 36003, 7402, 994800, 10371, 0.8020361108945299)
('28.png', 23703, 5268, 1012497, 7108, 0.7929811648991335)
('29.png', 38482, 6019, 994383, 9692, 0.8304720798489345)
('3.png', 49305, 9267, 976718, 13286, 0.8138623177042497)
('30.png', 62192, 9842, 964226, 12316, 0.8487942023447202)
('31.png', 46020, 9612, 984511, 8433, 0.836081209974111)
('32.png', 30069, 4177, 1007082, 7248, 0.8403504604334642)
('33.png', 30941, 7282, 1003205, 7148, 0.8109078519760982)
('34.png', 34140, 8048, 999047, 7341, 0.8160728585258579)
('35.png', 21036, 5802, 1016940, 4798, 0.7987545565006076)
('36.png', 53392, 12979, 972470, 9735, 0.8245996077159493)
('37.png', 29312, 6736, 1004057, 8471, 0.7940296081591743)
('38.png', 51705, 11904, 970689, 14278, 0.7979659238224581)
('39.png', 35643, 6074, 996290, 10569, 0.8107222872999806)
('4.png', 38757, 7906, 990984, 10929, 0.8045127609004764)
('40.png', 43455, 8902, 986345, 9874, 0.8223416535775788)
('5.png', 32597, 7425, 996590, 11964, 0.7707695399784826)
('6.png', 20813, 7980, 1009375, 10408, 0.6936048255407071)
('7.png', 52646, 10206, 967366, 18358, 0.7866065025101602)
('8.png', 36859, 7138, 989583, 14996, 0.7690815006468306)
('9.png', 37443, 7396, 992970, 10767, 0.8048017711098453)
('meanDice', 0.815)
/_predsToRemove/DRHAGIS/2/ ==> /data/DRHAGIS/targetVessels/1024x1024/all/
colorMode : Grayscale
daMode : ['noDA']
imageToTensor length: 40
('imgName', 'TP', 'FP', 'TN', 'FN', 'DICE')
('1.png', 28727, 4537, 1003345, 11967, 0.776846318180589)
('10.png', 59620, 4892, 975042, 9022, 0.895504453489944)
('11.png', 47625, 3472, 987918, 9561, 0.8796394632583139)
('12.png', 24278, 2204, 1014251, 7843, 0.8285582649352422)
('13.png', 12418, 1497, 1029044, 5617, 0.7773395931142411)
('14.png', 44266, 3573, 988629, 12108, 0.8495293293543033)
('15.png', 55261, 6118, 972539, 14658, 0.841764535636491)
('16.png', 49294, 4640, 979233, 15409, 0.831005504185035)
('17.png', 50404, 5733, 976811, 15628, 0.8251520434807521)
('18.png', 57474, 5754, 969602, 15746, 0.8424308161350844)
('19.png', 35728, 4983, 993303, 14562, 0.7852221404160394)
('2.png', 33930, 9183, 991154, 14309, 0.7428408792363604)
('20.png', 73048, 6606, 950238, 18684, 0.8524383555249554)
('21.png', 47362, 6783, 981657, 12774, 0.8288691908541227)
('22.png', 38280, 5447, 994415, 10434, 0.8282039354831731)
('23.png', 42914, 8599, 984718, 12345, 0.8038437043419623)
('24.png', 30244, 4002, 1005931, 8399, 0.829864588621054)
('25.png', 24452, 6652, 1007649, 9823, 0.7480077700790774)
('26.png', 30140, 6902, 1001380, 10154, 0.7794558808316955)
('27.png', 35488, 7917, 994406, 10765, 0.7916304178098998)
('28.png', 23955, 5016, 1011263, 8342, 0.7819742769471829)
('29.png', 38433, 6068, 993950, 10125, 0.8259921125307601)
('3.png', 49827, 8745, 976740, 13264, 0.8190986577677684)
('30.png', 62876, 9158, 962833, 13709, 0.8461367658240198)
('31.png', 46556, 9076, 984051, 8893, 0.8382351617288285)
('32.png', 30244, 4002, 1005931, 8399, 0.829864588621054)
('33.png', 31600, 6623, 1001082, 9271, 0.7990492325587276)
('34.png', 33829, 8359, 998386, 8002, 0.8052702364941263)
('35.png', 21162, 5676, 1015301, 6437, 0.7774859011334203)
('36.png', 53107, 13264, 971642, 10563, 0.8167731715382072)
('37.png', 29444, 6604, 1003050, 9478, 0.7854875283446712)
('38.png', 51094, 12515, 969726, 15241, 0.7864002955119128)
('39.png', 35403, 6314, 994823, 12036, 0.7941809861366593)
('4.png', 39173, 7490, 990883, 11030, 0.8088080441021618)
('40.png', 43770, 8587, 984212, 12007, 0.8095511125085542)
('5.png', 33639, 6383, 994960, 13594, 0.7710503696063263)
('6.png', 21088, 7705, 1009148, 10635, 0.6969396523233525)
('7.png', 53217, 9635, 967650, 18074, 0.7934368546998353)
('8.png', 37634, 6363, 988833, 15746, 0.7729545991353194)
('9.png', 37832, 7007, 992259, 11478, 0.803662280002974)
('meanDice', 0.808)
